0 80 80 0.7853981633974483 500 500
158.039529249 135.413540275 3.49627819608
140.622089895 296.437585532 0.673292178462
234.376838987 15.2730847549 1.24309312471
401.210029604 405.074792093 2.35023056975
241.866696638 486.908393837 1.66145683563
209.901667297 476.47203607 3.72189547749
166.392049463 345.611513317 3.24919417791
67.1158792921 385.949212877 5.52584136584
37.8692466343 419.814810243 2.66637107356
42.7316393151 319.696174785 5.84617037715
383.790497446 33.2058105691 3.02282063969
331.109952526 276.951074834 0.796313593713
473.592181944 153.234345244 2.97368622007
90.555734697 203.262763957 1.60532570039
236.375723711 369.379828826 4.38464867027
205.392057933 191.727476586 1.83776077844
338.765588819 256.47714739 5.08486693486
15.6783855009 333.433229517 1.04255954085
412.013177301 42.8031968744 5.37373572333
286.41337258 63.3787236916 0.236386285706
494.743006525 327.052763274 3.82872997883
161.032814031 33.3094217373 1.238851063
261.731783025 43.8445214398 3.39315394095
217.29047589 477.315308278 5.5615489963
481.962543651 385.481108005 0.29378836896
412.088174448 378.009459734 4.54457201832
434.510939164 41.4834976202 5.51039208722
107.703947468 34.3628356934 1.26379505477
81.5175012142 438.525411789 6.12110409154
443.704451561 90.4055941529 5.45839055535
391.845278194 177.740931544 6.19941108731
16.6287367074 210.244350082 5.15938577195
44.0987711999 216.994307378 4.81227795182
109.802804288 90.2245172101 0.0987138041011
231.700719572 274.942013165 1.40172195471
421.09669091 266.008858893 3.65228073135
283.189476837 330.139063073 3.26910294737
370.45997316 353.418556113 1.20538009475
436.448439454 164.660979977 0.401134165293
30.9459996986 56.6061891451 1.47571993526
186.267820074 148.181944466 2.55300449117
177.142095802 160.595404421 5.23089681101
443.184691277 31.1566763559 2.71978839755
166.856943339 123.457194736 5.35042891303
314.959628089 362.525876785 2.76633195495
273.16323752 131.273206905 3.20166770398
431.895338272 218.383645759 5.88819744106
15.5768524775 437.743393639 6.0428665821
163.925278515 181.672449233 0.316969793398
17.28980011 233.022573446 2.32516859725
40.7733497207 323.91963707 3.47258229494
104.838297979 254.69851355 6.28104080537
495.617177105 38.3880165501 2.71533348589
420.035797264 30.6283939178 0.168820717544
96.5259267698 33.8879633623 0.918598782053
404.663949265 22.5878219639 4.698049729
84.5080470662 358.065929092 4.4577689242
395.660207008 359.656655441 5.38148077584
347.245434792 294.331078688 5.37602177326
399.253473022 209.228632014 5.23683643617
228.172334941 127.09305386 5.29976064974
197.86836511 196.436505822 5.00632109057
478.84274102 357.946490547 1.76817517627
476.494842542 303.891882445 4.58334665395
411.576644031 116.556178753 3.62382795899
247.108644729 229.939095221 3.85315763983
290.102749293 25.7159264436 3.77904578498
438.951037879 412.209935682 5.46691367183
379.229847496 25.7895736074 2.66988245452
475.268667204 330.630402152 4.13092972751
331.119874079 42.0298532374 5.65973537291
294.717075193 222.707459136 5.62716407172
316.392786669 254.614297001 4.05981966171
280.960513018 136.629791986 4.71017452078
296.70853848 428.867210331 1.09916896878
471.411126279 395.699243213 1.24673531872
187.696375834 79.0839494387 3.71798739137
37.8848341405 20.4175168858 4.70658999962
56.1282506464 388.758833861 0.957849386411
266.680283815 78.36740111 2.2193064636
