0 90 80 0.7853981633974483 500 500
412.493867631 471.95085221 4.19083682408
398.236608044 8.44722588485 1.94215298591
255.627097283 145.531534472 5.82001708797
297.463930604 485.455438831 5.97922940827
436.509260781 316.461303275 1.59153285334
296.910771771 379.233694482 2.50149576789
470.865410251 466.529793167 3.54306911112
59.2479963528 436.218370054 4.58125154771
62.0024359232 224.660541708 5.75204166072
311.071357241 219.116354376 4.91857183829
402.109188044 7.09288944908 4.60029205879
416.863955159 280.580654229 4.94114261135
489.053090851 109.355839388 4.45740710038
153.669257747 65.8395292835 1.70041601453
128.947907389 27.6614034122 5.43849520973
341.470394348 70.1579710701 5.02535168032
167.354850212 308.503179281 6.19015049718
201.58398539 435.370997475 2.54515368189
481.603539566 137.495780233 5.23028542357
441.269145227 141.357791628 3.39834623251
26.8673608612 189.515691891 1.34502484517
335.308049088 25.7639439183 6.12737568477
248.110620407 269.155211478 1.53530625624
316.755443141 232.963051195 4.03662887274
450.497747885 308.438667181 4.5663768745
231.484578913 186.807613925 0.229461681132
181.481699364 157.583585877 4.36071523594
140.099933704 77.9922084911 2.99854916056
11.5277346476 499.620279445 0.78355056025
321.80104928 426.323108885 4.22577340446
74.1035929213 142.793284004 6.2638616404
202.01174229 417.103261921 3.5675528627
492.877506972 273.484804742 3.15388432493
290.270179898 430.68010815 1.17302376419
320.394637263 271.072518976 4.26833757188
89.8268857175 23.1387864544 0.985451467118
153.731002823 368.713560166 3.58918591638
478.12120705 243.703573984 0.583855248682
198.981258566 249.715527958 5.62182555242
269.034264988 198.017728016 0.43254878135
353.513475682 245.263659851 0.305228799417
351.562153703 200.562421946 2.14870400713
261.657479963 316.692707669 3.61177566446
277.768608427 162.466083781 0.320798532626
82.9747104691 179.159533653 0.763893308444
212.936988905 315.921081956 1.10473747507
396.601046202 65.8493287166 4.67832043233
385.640135441 103.225793306 3.35502555637
318.294423169 243.881058957 3.73898870466
188.245392415 356.326795934 5.18905655006
58.4649695973 30.3756559695 0.970891608385
149.320167116 132.85215251 1.66773187435
463.506346915 146.345712269 1.54411774678
177.599282954 349.263058603 2.93807289151
403.789089704 475.416467942 1.3755618602
159.473664843 277.440565709 2.43927329093
169.875685467 306.503853544 6.04594942086
198.960774631 390.080074392 0.411216175246
152.633103484 414.004861507 5.0120078963
404.158670696 66.7186838456 5.06698615404
235.975893478 405.204738144 0.338471139001
342.206532382 294.24529434 1.99177980761
436.023241044 226.307886009 4.06309800107
289.787268508 92.1214416701 1.59357226255
385.40236552 333.226411696 0.832620518113
63.0886406856 234.509038116 2.56722134599
361.924914857 439.281537248 5.41227642055
100.666509275 91.7617594968 4.83506512268
253.905497668 367.544398064 2.78417037061
362.911591929 401.103146386 4.0918060158
363.287187208 307.8221851 1.87902287458
131.53789992 304.254286417 3.55710426374
462.775780967 471.418951509 4.71540012292
68.7240871534 149.332346418 5.38981153213
219.959593819 188.792374831 0.975478280759
357.851744309 468.376695273 0.130950984317
435.80291266 227.184329269 3.5282585733
266.861179222 313.149389681 5.6857353351
376.803636779 445.540715455 1.86004166158
155.023998024 429.238517192 0.842796042838
184.382982405 287.414116492 3.24161409603
384.30780228 241.094785895 1.21225361223
161.473196811 345.936475053 5.58463678847
170.581640854 496.857465282 1.71780539804
378.400295071 113.605398803 0.115064268387
70.6763284548 464.956581987 1.62175800304
278.09411253 330.381979239 2.71877254053
443.900797061 120.312921092 5.38136423067
281.356833804 324.156510093 1.60001414568
127.289939578 323.098055717 1.1782858482
