0 90 80 0.7853981633974483 500 500
132.266934475 427.32894392 4.71077771207
233.69857797 83.6498315118 5.1349551753
393.081861049 67.0404814242 2.55035134805
459.51178837 485.884826511 5.67872999013
219.385377453 404.132815869 0.120808121848
31.0545860871 339.256830139 2.51778254212
420.002106532 437.553338841 1.36247106505
478.817665326 212.603063028 2.08905380675
223.973061902 494.011316037 6.04588882151
90.1226302527 357.347265699 5.19828840469
483.935949829 74.6829053492 2.56325123754
7.46995662858 455.071984056 5.21364389867
341.917449691 290.987825694 5.31925796553
309.391970157 73.4253510522 6.08042391054
58.7632844054 45.9744224534 2.51408275837
62.6379554093 217.039221358 3.39681598143
54.4755839338 63.4895869998 3.60826860932
62.3656763496 1.77399228569 5.91277411569
287.781658756 474.283921905 3.86632646659
27.0454221674 319.052984131 4.34644604244
365.565502985 78.4366145151 3.04866913022
342.380436509 180.411588115 2.85599487768
48.7402562723 71.6118806296 2.41435308717
376.828343371 324.671796969 0.983729980983
121.378436683 288.877884871 5.01462737492
3.1568786516 104.657088838 3.89545857905
294.645069469 333.074073594 5.42622830559
62.4077706113 387.969128078 2.3093013327
52.9346774674 434.757735204 4.01404600862
148.593443026 9.2238464592 5.50481479367
386.882970664 481.644617584 1.29595827415
485.629482159 142.319947878 2.62789682528
292.160126792 188.419876264 1.64883389696
44.2370607997 258.850603083 4.36818690047
7.37206177173 461.510757481 0.322169717675
25.1600524897 236.26726254 4.53251014671
79.1057316685 349.176519731 3.59396422627
359.710946509 472.68117952 4.78843251838
216.385207408 247.590165441 5.11335953957
21.0495126126 69.2351436233 4.5472797694
333.650892835 105.669047163 4.55186935081
219.094994894 338.56250927 4.54139999127
93.8775751726 468.736076709 3.84346779133
323.906299336 12.9635416254 4.39810430323
304.945624794 367.12754021 0.958282078661
241.156432033 253.288300359 4.4035741262
499.906245268 51.388901749 5.63360787755
351.204300876 433.401394745 0.424961992753
289.964333962 359.324323512 3.44017206947
295.245648811 363.385798414 0.725145744756
469.792647348 174.603130404 6.17613187961
309.328853239 393.240673951 1.16824733232
415.175227634 390.996560459 5.3921217709
34.096853335 495.072606729 3.0579819412
304.156906944 54.0107430644 3.0100914469
373.390289419 486.376085157 3.42072486129
63.1723699279 320.817840946 2.5926305913
38.1872191652 203.71493813 2.09522649012
291.997257894 54.3233939852 3.28186174486
300.984956824 426.976834837 5.37744413303
494.207238707 189.892577801 1.32366844798
35.8865872623 55.0187682658 5.94211353714
309.146168424 308.042358802 4.12379174762
38.9213654135 405.583470033 1.7758097128
46.8589369668 257.445544494 0.886073483903
49.7981807232 136.118213842 5.85497705822
452.247520937 308.641926058 1.24513944943
439.555699109 350.736054715 2.37973456598
395.932358261 384.812223432 4.10161662791
106.507436921 130.82910016 4.29768903212
496.211860531 244.904613503 0.797143227337
316.920109434 268.215334645 3.28633852807
234.937446266 262.417092554 5.587871
44.2846429224 125.883066501 5.4965994237
337.276920371 178.281838413 2.34354549521
195.914403547 402.786526421 1.92528423726
41.6268036271 241.880732866 2.78949618076
280.705305571 478.77596447 0.774235061402
461.516643046 81.1276150863 3.69161118221
66.1826872865 216.335435381 2.13855197776
387.491947609 207.387076214 5.45018610955
128.085298026 284.558410646 6.19083451019
274.438095331 44.2102703142 0.293169981076
242.355666594 373.444878451 2.4032939271
408.499197098 406.488347341 0.261285398273
210.48854903 357.137517175 0.967500711887
134.853659091 86.9775860557 2.36887770678
99.6606791232 16.8812707671 3.16916265911
157.941481611 40.3611279951 1.0027238992
103.185562977 308.093670864 2.92118063708
