0 90 80 0.7853981633974483 500 500
361.016291403 303.682716361 3.92154125878
423.384291833 263.127421077 3.80912547032
195.729450205 163.585251016 0.0816791083277
268.844260801 143.445662179 5.45913976734
52.1728122525 126.430382531 1.12046718274
158.05174356 477.063393093 5.70691643425
222.782148468 427.969490687 3.11630752369
33.7286018638 464.961743394 5.07675569728
248.167668711 287.747494116 5.0335786438
112.186866707 380.787783003 0.352738873689
170.474339148 293.978607121 2.59356735233
497.292166547 414.581323094 1.71140513559
30.8280754681 329.499808108 1.38537171146
348.162897399 328.487107 5.24102818997
222.337783447 77.5977254984 1.08109748153
466.108751704 388.236894271 0.294676503541
381.792791139 338.403438437 5.64611009412
460.773079795 474.646074856 2.92476253579
415.800192193 350.82861319 2.80922559362
191.121200881 236.383441999 4.5343097892
383.762874755 169.007912704 0.818544526413
69.1991345142 486.758989601 2.73298126067
468.593077051 39.5277787554 3.85410364488
261.90452977 391.835604922 3.68552693565
316.810008633 82.9170635961 2.939839631
465.23792218 64.2422037591 2.66171952396
307.302993244 448.586797366 5.03985467722
332.76428946 440.438467519 2.22014274233
49.877927423 184.75214367 5.61239134202
494.96707974 382.19733033 4.25473241387
216.537619981 298.779196691 3.80178440478
133.706001568 173.707129724 4.17359700286
159.526992768 15.7349942812 2.8391511937
442.22556019 464.652779264 0.389495887696
418.417217586 220.668958366 4.46342160461
253.61189453 280.523314976 4.79560603472
90.9777198411 58.1149049126 1.76830423111
180.380891313 452.472480437 0.837910595596
81.4818161814 386.858380372 1.00162237952
361.037066815 261.864898738 0.141917875185
363.295277797 245.150879641 2.52704525782
81.8971374036 421.571049498 2.47983125274
134.675188528 96.7711070476 2.00638972232
324.225674073 52.8601441626 1.28003070726
306.956716924 266.818292949 3.22848041691
462.727518924 176.237576156 0.569835466525
499.780088309 390.540892939 4.5674154747
87.0922448235 100.635037665 1.70339250135
249.216018673 144.047266656 6.13593609785
462.206610596 33.1772061574 0.892041301025
444.58361969 207.356989232 2.25318858869
474.698847738 185.738388669 5.47151019843
130.447097263 200.152077003 4.70172294736
228.125424108 330.450622987 5.25982845011
183.116984737 483.706570047 0.506936374991
142.186520763 374.669014568 2.59980784505
434.121179394 286.501527003 2.48967717469
368.030556077 288.454913378 3.66360239979
58.2850074063 318.722264106 5.33432217837
233.937338577 423.349841752 4.98401625081
367.033427453 154.51129576 2.60185617454
151.011880419 307.922102541 5.32030510337
213.24490825 371.847886137 2.1002337747
426.560760798 232.971316977 5.00732378464
138.284475982 240.241407701 3.17851598958
102.761571655 356.677344233 5.38317492845
445.482349996 402.930260744 2.67816373447
42.2220777411 112.77113331 1.46882788742
216.330146502 266.576439215 2.35211132755
124.71929157 316.181218292 1.38077426198
313.224910615 298.771629113 1.11086696362
74.153937255 351.901021245 4.20702983623
91.8132374746 344.965375314 5.98334849484
299.625043478 24.2454337432 0.953377757417
377.72276439 383.853884239 2.97783486479
110.220207149 368.562856915 6.14936774661
235.592131267 333.709832617 5.37454287302
386.172351877 89.8905168965 3.1868271383
72.9343230502 214.443837626 5.02960914578
425.724904252 165.31032001 1.39669236215
274.077561513 234.62859926 0.0643895745986
446.505011821 454.88293395 2.86742904498
409.891357735 377.24149195 1.62025354879
186.663010905 380.800940767 3.66558575141
262.045628881 459.872817849 4.97791544111
467.275130023 275.248435828 1.02634152778
440.76700786 331.722143164 1.48622581844
348.351498211 400.554125768 4.87606450521
15.6356239001 180.338586787 6.01934152256
240.483168526 111.55804124 1.82463606151
