0 30 80 0.7853981633974483 500 500
148.280085028 61.8791911573 0.392759911647
264.886769924 44.811334952 4.06968537459
59.065360098 342.52643026 3.89445789477
29.5300264685 85.3209037938 4.18763432205
20.8887687978 324.508816721 3.46338680448
411.698796726 316.933994052 0.0558492477325
38.4726078975 35.9149067346 3.56670180867
382.989947986 191.617111981 4.26505530394
261.841566773 76.9403872444 1.94256711871
459.692666087 437.039304354 1.42793444253
349.015683723 289.435196069 4.27978305545
14.9276804329 197.152633823 0.678064835437
88.2330771833 283.31300608 2.59574359431
168.833098828 498.886448617 0.498515908385
217.07701496 484.503606518 4.21881956556
391.232165919 297.197858065 1.96110633227
42.1486228944 423.919292383 1.43768194606
397.479863612 154.844071604 3.64160345204
394.691293801 354.709901179 2.89489194769
417.893492725 85.4554938924 0.11383143901
108.474295919 417.248666272 3.49313118688
224.125377856 181.287771051 1.72428204597
186.443943133 382.695346274 4.94172814125
10.3173778257 70.0833936192 2.10422433774
413.344955171 190.572800191 3.60312916997
440.10174712 88.2305441605 2.29133610463
377.534530445 116.137875808 1.28410307643
142.035388988 220.112468746 5.08723900536
365.12174156 235.826941425 5.00773326028
152.113159349 237.245687194 6.24809418737
