0 100 80 0.7853981633974483 500 500
217.572593781 23.6297595055 5.90473261616
302.129605305 70.5363766248 1.25773903256
19.5954466504 430.341759355 3.55960946718
337.056116187 12.371543988 0.399942819095
141.235230715 56.6042918596 4.2211405537
343.803194761 353.472901732 4.64084425239
497.190745583 17.1638286495 5.65345575916
346.469806318 446.347965436 2.39409665259
382.196821013 393.202244748 0.983789767847
24.2357685532 79.6636281972 0.433714364211
74.9475854708 182.673460007 1.6182799662
417.069247119 113.523557158 5.51476793394
413.152149521 343.238649784 1.00230000081
403.322994586 471.288077378 2.57973804313
298.779495401 136.130373437 3.37885448995
53.7654352947 305.805857199 5.42044214658
445.214364236 46.683023682 1.03918891839
122.922454546 211.155404074 5.70746414539
87.1682609833 455.821157112 6.22963632649
341.926951441 199.104368468 5.95003460261
48.2082360988 115.372769745 4.53364929831
400.408409064 369.279681386 5.15134193201
249.571251336 289.117775624 3.86064825749
284.567805799 87.5850948811 1.64180092538
3.35500390121 322.564634742 0.541843104304
244.340129257 17.9313461767 5.87449060649
322.558425556 398.882560273 3.41228111389
442.328818863 221.361866497 4.89628304134
376.009165309 402.797048157 4.50302119088
315.688024361 241.152431742 2.56822404774
417.561099549 323.240574263 3.33090790949
420.128510895 217.900046048 5.71466366652
70.62835958 389.940228638 3.96578596432
333.826655108 313.825222593 5.48834328085
173.574303424 478.489336033 1.06689803109
285.549965876 454.754676073 1.09710379727
398.342383668 179.969737258 1.62625618223
122.093757992 440.230231825 0.926509252863
100.744940326 224.654055316 4.77496855939
295.249967753 91.3057888829 4.48990497403
291.124476603 359.634532631 3.66603240131
357.914217324 338.647741994 2.29292138868
281.61986489 296.336575843 0.588312323307
461.819357021 24.9886134544 0.76503363197
112.21128593 346.366003425 3.35240158071
461.801649833 325.216253156 2.89611702869
99.3966889075 165.777780863 2.11625067784
456.504647793 357.522094363 4.60676682753
154.66115916 265.557605124 5.84508166054
295.125213603 403.583426691 2.00880457067
375.296990123 155.917009845 1.44966795013
370.746176941 103.343551062 3.87204947823
487.310641585 202.642787282 2.44247330451
472.820093333 18.1793226982 4.28914580456
2.43902266642 223.950189271 4.69161057243
158.874486657 214.474402274 0.925392912469
366.74776049 13.509880304 4.30221471034
383.279745304 226.236935244 5.67940604173
493.003986415 423.156030009 5.31850552843
378.58239005 61.7119867165 4.15037613501
41.8962831851 131.854747514 1.51222684864
263.102529252 223.544661512 1.09092865785
32.2271617321 497.701158417 3.63947590314
491.297054033 351.10216415 2.26190347793
31.7026022108 312.821093015 3.26328132209
250.39923955 59.2266036868 4.45106821178
122.557208264 175.725646918 2.33117361636
376.303417122 180.006503542 4.7162255945
264.251764577 480.340070923 1.63336694347
57.4843168531 334.239044614 1.83420632589
418.733849125 499.095793515 1.43667864875
150.462958789 8.93810412037 5.92037047981
32.2169251785 187.282931285 0.282722265248
482.532692783 75.6350196375 5.18371402907
212.099413789 108.179446152 4.35157084003
263.377274553 46.2254915647 2.75696077835
383.880218874 261.455207211 4.47431672759
27.0255496034 400.130929293 1.11147219455
342.914872026 239.984160329 0.191860340004
393.973997586 246.490217769 3.59113107755
206.943816062 485.209843113 3.58496042095
372.976147959 163.767715452 5.49967138035
330.532363759 279.578391578 0.707766544263
237.87355218 164.84963538 3.12938130019
90.2874747697 182.952618099 4.9168547956
90.4918136052 101.422190586 6.24432722994
6.95775067258 428.120881285 2.16412659221
196.334862937 326.193631384 0.125143509697
185.219473858 476.416924166 1.66603492654
471.639281582 6.23403775014 3.61620322332
411.761806314 396.24184507 5.73167933467
37.378873186 473.653543245 0.375468001882
44.6364026475 327.252411158 3.17154246852
431.760824123 220.448144383 3.48913490062
53.1860363161 326.575246979 2.80485657478
340.877992794 126.870749921 5.93720049753
207.464010446 141.948267228 5.69068902626
26.6200930091 355.265448475 4.57172192974
80.88651677 491.164903639 1.36248751183
116.73571625 407.012915958 5.59601145749
