0 80 80 0.7853981633974483 500 500
102.241728912 175.257311384 0.0205641748599
141.679802578 249.337726655 4.448477514
2.85751373225 476.682014652 0.801645587056
295.358041365 48.7362039842 4.62491762378
116.637252046 175.342151006 6.1108748643
487.281285302 371.31376999 2.75652374304
75.2196028419 177.538062417 0.629718366344
369.572684073 254.432930821 1.81124738431
344.786536797 50.0913768292 0.03532858656
101.006651674 352.679668575 4.20324552098
62.6206537116 226.782577241 0.848717240327
341.544474905 144.917486101 5.09631982525
325.661699692 204.206132471 4.25252922402
169.641914972 236.970656385 0.358602989183
163.550284259 297.066440235 2.37301494159
108.870511833 346.700688125 1.29627428395
112.875361048 272.226329175 1.97423052295
268.967266292 50.2722349563 2.52981162058
176.007166985 60.6739033257 2.7077292027
163.341560198 143.437327568 2.51757399829
14.5334753269 427.356455915 5.50090145809
144.351893895 349.31926332 1.26738876199
310.183472869 368.493498887 1.98495818424
267.561605992 420.447683849 0.250421005189
382.361542076 350.300804671 0.814318855989
39.8640490585 138.934623808 2.86083810508
240.98064887 341.48207947 1.35482256835
3.62973127196 224.481709085 3.02065103462
212.499089836 89.6607343231 2.41635513577
210.694366775 218.153791679 4.41418393693
388.282025813 432.458381406 4.2129094766
388.03963032 44.9105661149 1.27053679091
237.250191042 123.671809768 2.89549920374
182.084455014 437.018620284 0.548570943845
294.074647425 169.432513249 3.22449969558
293.842882184 207.259774964 4.57330836505
433.734750562 377.49298604 5.20954997271
40.8075024801 420.362398024 1.26763402438
33.8857652695 432.089657288 5.22722139522
404.784133961 255.904285125 2.43492147618
428.435248782 267.791358962 1.63197237543
229.744456573 310.230036565 5.82712405723
494.85420125 334.432940714 1.59035107778
51.6899953366 193.097036111 4.87025266671
133.813909216 86.3447319471 5.53458144899
333.333851332 430.178615693 2.62418152214
390.276950431 440.243311593 2.80768417695
237.697416108 159.425898703 4.83553902953
482.919144421 123.672490891 0.423435668237
160.98413604 419.248073635 5.05337017219
497.759200601 38.9423285754 1.85752125159
170.86748077 301.029137688 0.0291912668589
394.873674175 27.6638725961 5.53883804832
255.939952672 278.184698132 0.563417996695
172.26939633 132.303258881 4.51517678283
301.233489644 449.195806399 1.80801000276
154.962723984 269.706717864 1.74425390478
245.578314763 203.819207492 4.69866792244
427.537175551 120.400426026 4.27088465306
359.517143119 337.434306011 4.65584571243
395.286876716 392.285942319 3.09418831565
147.742706818 440.855463686 0.208959661592
33.033110521 183.570312932 1.57917371869
16.1126436641 294.365132277 0.56687909484
214.806949888 245.094873249 2.86395197486
134.787087636 435.334460738 3.89947421823
115.019086205 486.472140844 2.75987562315
431.134180425 343.944500315 5.46353300176
274.540589572 352.007562632 1.66722680662
381.267518211 21.0211497525 3.91837444188
336.299639667 162.238549847 3.05870194084
402.362044951 69.4939432936 2.24300232286
138.325403322 346.862951137 4.87580663589
8.04864988128 304.000677079 2.15661698636
416.890753518 279.625485552 2.09084514364
106.350054238 318.864083062 2.69880681172
237.580466375 175.067222861 5.76756196265
77.6459838607 60.3884685689 0.774644030334
292.825607851 259.311480096 0.247882808947
342.060903681 107.81909216 3.88086703895
