0 50 80 0.7853981633974483 500 500
21.7535975214 365.071299414 2.33014884454
129.148704192 159.929392439 4.47629591875
351.879715753 155.327442052 3.66732510151
436.282324564 417.753191927 5.45066415412
277.11079059 372.482072547 0.410455623865
240.827793276 86.1301264187 1.96279961397
79.8540893695 362.814510645 1.18223334422
473.705810026 411.510754569 4.9057142913
263.917425091 94.6834368882 1.88424840736
146.52062472 115.614157831 5.12737022614
283.726042324 436.859197896 5.37542915528
182.358976161 271.526790684 1.09226259857
350.910386745 435.142271051 4.39945003936
404.344882427 119.177591307 5.79120086588
161.839311202 27.8230073069 1.07841654918
425.824217793 425.292408049 1.45340885921
312.95890892 179.405808277 2.35017235209
112.394749366 411.576687261 1.26440252842
144.541388019 253.343485928 3.85465881805
369.166973688 156.080278334 0.848018934937
136.062026288 111.979732574 5.47835053843
198.197187532 86.7890352053 5.40814143336
330.09127974 160.055710321 0.256865270254
144.714425372 115.79918381 6.1835180587
287.003153657 26.1636007025 1.32287817621
468.84742673 107.904594132 4.49437549642
363.703169094 213.953507947 3.51826473124
220.034160893 175.210682338 2.43167292436
64.2886132714 238.315398219 4.30086629357
338.318103675 64.7879658606 2.31524631556
79.6613389881 179.828441983 5.38194479867
469.279437215 467.926584258 1.07486045107
182.827215841 324.923739498 1.66005322572
95.7412555867 490.934896917 3.24654285235
187.440183987 495.853538104 6.13184726664
340.91479891 129.982998619 2.27396214364
310.25618347 286.262780319 2.05326465083
143.025160326 182.360861386 0.567943409002
316.102082302 274.498421181 4.8306021015
143.25040697 495.270783127 0.417656721656
257.821700523 126.978940931 4.90451396158
348.182760052 100.86522364 3.1831543527
12.7233748819 416.991224813 1.98198741146
213.701852736 412.827422374 0.896025246946
300.959337675 496.98191374 5.95944813366
273.160128946 19.9275158844 5.83991687285
245.976110009 4.82200078996 2.09694807407
400.825845693 164.016719154 5.04597181924
383.404302503 365.567724295 1.94904194757
212.834221891 85.2768493454 3.41554932177
