0 80 80 0.7853981633974483 500 500
469.077831852 115.795908986 1.28195880859
161.664547171 406.787789902 4.28776733907
14.2398521262 235.434559742 4.48728432247
419.641906755 166.696048561 5.36257202164
11.6167337284 457.591905133 2.63480564815
279.410504841 83.7394700725 5.61315997503
18.0667790963 344.792803758 3.72859621989
263.798376215 493.63134907 3.55096508409
5.0050369338 30.0891898041 0.439712447262
17.6495976488 119.735552372 1.13315437182
492.613609868 475.953529955 4.54782783771
96.9346624785 100.814574555 4.96818399323
316.038618463 427.929727683 4.14651608397
253.020314336 133.536080868 1.57342470366
117.785594523 499.676143795 5.23718004751
366.363131426 122.078755013 6.1203351144
145.445655236 101.654077925 5.76811192914
278.836854768 317.350138241 6.20349485395
289.878275356 298.268569414 5.59761464377
295.345311676 165.59432743 0.774170418084
388.453761385 204.076949812 3.84074695178
466.05480344 413.229904009 1.18267251157
358.990564638 380.862716175 5.96143040075
32.4981611718 357.082856555 3.30535096434
288.677134555 8.70832024819 0.425447651144
193.199776844 259.325433236 5.49816757591
60.492560951 76.1120275238 2.98325457948
459.826645056 166.698215991 1.81552253846
309.393502899 196.52050032 1.24960005077
144.192371205 219.744499051 3.54208559932
186.69144948 151.517790893 6.12456287609
30.4995527913 411.77567705 2.15889710147
435.369406411 228.283768551 5.75689091326
451.085219801 143.024130368 5.00609076112
146.743982285 163.290218957 0.938050935991
483.594179181 138.684145948 2.31247426336
260.065852874 298.532929903 3.18020105206
320.122721929 102.146099172 0.583095802869
1.55658176149 90.065797587 0.778357552076
399.630492592 388.964578564 2.33845480591
214.742192012 404.503829931 4.23309618885
260.64808929 444.772226644 1.1304175897
141.227058583 290.70016299 5.70608172972
458.355459956 400.213901213 3.74811839398
98.2504691621 245.829577382 2.33950576838
19.3556837109 450.005951268 1.48387646228
232.393692688 114.585707721 3.88436629503
27.866231062 49.9332595441 4.97576675239
59.949221087 147.574853255 1.30376557528
333.785707644 427.317636346 3.30482001916
62.1331381639 177.30185636 3.25364731858
259.157380061 66.4264510878 0.962980242357
44.4573716237 227.4276895 0.188474109244
2.88613476991 345.532608239 1.8173130316
330.735810404 325.479943978 1.78813016182
35.2073627149 322.694492583 2.30198761279
64.49891668 418.085038802 0.0468604750622
173.159346916 442.14354733 3.85665153995
335.203564234 131.742350211 4.70118442874
258.935692897 411.414919054 0.0427111470835
453.822523917 126.918475587 4.00678500632
433.479972396 321.11515939 5.2695877001
376.438756774 369.511266462 5.98440588996
98.967464243 180.475797767 3.21289484312
423.325017814 267.832213163 4.04529866953
58.1312037137 220.889311608 4.44590182173
360.03613923 373.219103608 2.30677709135
136.540101397 175.392713529 1.30388531245
390.38042428 249.127435942 5.76021266943
76.1603874213 284.316553023 2.42230100573
94.5911525031 484.624822685 5.82856705284
290.775365518 81.3141483861 3.58652829049
436.73381232 330.54828406 5.07376198546
220.419377997 70.5370126414 2.61904315263
422.8429246 139.877640618 1.74762338758
147.153016723 353.485785759 1.59833319436
413.678613704 286.935018064 3.99126325895
21.5116508434 402.113525435 5.25965877896
314.173693192 380.407092857 1.61456125386
277.019940107 364.764876133 5.50947428609
