0 40 80 0.7853981633974483 500 500
82.3481904301 198.93235906 2.29990825136
246.181189948 400.60478965 4.06210381034
114.63021831 102.36813682 2.60572078122
98.5679345312 408.012279546 1.81434889587
139.11105324 13.9415808554 1.38480317354
291.963093559 331.06952551 0.301772106054
73.72379036 32.5097970598 3.53022174581
125.436549142 136.692999913 4.4368902343
409.461757119 327.74380994 3.59297119069
323.767873931 179.972360072 3.12108478067
17.0285059545 445.025215897 0.572298112031
294.484139238 228.740776852 0.288521090693
125.951019214 44.8432768889 0.522412723418
279.422979727 274.644187579 0.227397771194
467.307170407 244.967944037 2.87873426479
308.938088341 483.663246032 4.74395479377
334.211069809 335.507271319 5.84163770818
378.693647501 254.67780129 2.18882833106
98.5161999677 364.044107166 4.41139627017
495.519817991 222.503591403 3.76744315338
433.602705908 405.277904988 2.43325064741
20.636606215 168.371369267 3.15615123805
192.109400978 363.358222623 5.62926781174
134.393283547 480.502606012 1.8518781557
469.216947312 172.80792498 5.51095563548
199.249056553 392.696626079 5.92764927618
352.860200993 386.812698286 0.845480675261
158.137656679 120.12920751 5.37369929579
169.908932862 52.9973157492 0.31437835089
263.507768862 129.989742388 5.15730026597
417.78645389 285.762697152 1.08718759066
85.6204626025 241.298492669 0.734418177031
208.047039281 106.052202789 3.81606322641
33.9245397122 53.4350930712 0.358410957137
264.357056249 458.068788993 6.26320397385
115.580495592 118.313207123 2.32118234063
415.837006015 452.586970726 4.69778661129
140.51745291 3.54860240611 2.70375516218
124.510424683 118.376284152 2.00264346112
98.465096154 120.93262876 6.09052501809
