0 30 80 0.7853981633974483 500 500
104.287062684 135.758050505 3.5258929675
25.3422883354 437.464277897 0.252867592863
102.970486166 317.068966868 0.137218250101
153.25834955 324.427672426 1.67229507528
95.7983772032 398.707116351 5.63038105591
383.720831716 406.334300673 5.96565710285
340.919927609 65.2479821721 0.938459143347
144.769979191 439.620017975 2.5467421838
27.0290253768 85.9908439139 4.33997574542
294.043980197 70.871136034 5.69057906106
204.37558347 53.7662759518 4.11315283291
349.310576275 164.891739327 5.85232059796
21.5068731355 2.41107170019 5.01155863737
279.727312992 485.278278019 6.12197482487
288.039585734 240.158784086 0.941952591286
361.584455131 415.647298121 5.34545995667
129.463092469 483.764937286 4.03990517633
194.924610083 307.203181426 4.36302892441
383.452888468 236.719650159 3.0899451235
341.897620786 209.766783216 4.36798010402
409.127390124 239.312156109 6.23333013247
249.157988905 92.9516482302 0.770413887228
190.883356899 430.854645183 1.83307901293
301.612069563 400.127954379 3.29965977253
46.0238678317 123.205438424 2.34852027465
256.512097383 134.509059127 0.747059518133
352.29664751 58.5164794387 4.560916407
455.813005262 146.991173258 3.79300122948
35.7137919834 449.803796943 0.850127393236
195.7644363 174.345162107 3.98956305589
