0 30 80 0.7853981633974483 500 500
125.14234134 494.294552405 1.65110175296
244.490528459 351.226408093 2.53242985516
98.8769536194 479.215609427 2.94985529948
153.272055742 389.047537373 1.58268984442
199.145996228 392.580593195 2.01348966768
90.7048860721 205.17897722 4.07891012116
224.962139954 143.787186699 3.81373218325
453.090249933 13.4471196817 4.3619433022
232.067266975 493.744735608 1.6501512949
460.676861579 225.250520887 4.54761166101
472.652163776 228.058473753 0.00368766992351
176.049867397 144.995865664 5.48743936343
58.8669716789 442.496403027 0.317490369023
165.692790726 109.507235652 4.32244397415
433.298727743 208.056521778 4.10204608239
487.178381723 283.864812712 3.39933512711
216.367365645 52.0338255815 5.29573995738
285.691164165 496.980422467 1.21339745056
499.957757887 483.815565508 5.479377114
245.616795491 60.1663564702 3.86338681152
33.91115005 167.987356688 5.25716753025
74.4771807372 281.534385154 4.36301683915
287.70580135 88.8624969961 0.598688512384
39.0330866476 29.36227526 5.77948110669
483.42572544 88.0610126976 4.06840932113
351.597747294 313.334610965 4.54377765637
391.476408767 230.191290055 2.08150683181
189.065395262 404.301381066 5.6752995054
163.606273906 121.602174033 3.92875321545
331.003041237 324.369731097 4.89798414479
