0 100 80 0.7853981633974483 500 500
14.8752719709 257.317290726 5.29697478852
134.208184051 305.565148354 0.384985486445
2.03177585244 66.3618530626 2.82513019827
73.8845211159 410.181906797 4.97348547358
460.659312095 263.528122822 2.56544912846
63.9406063217 353.715583854 5.17681013064
256.578089327 404.108393663 3.48584529737
147.145175134 485.700236707 6.02390894897
61.6229381297 201.632919977 3.02070800663
163.99363032 440.715852505 3.37569568347
489.463740712 437.388120449 5.77652011978
192.673138074 486.37799067 0.562575331406
475.647242448 195.729983776 5.45089501928
467.67085318 371.092316482 1.00399300896
273.223459082 39.864461039 2.02877610738
119.146970864 106.144304511 2.21273425296
430.696887455 427.14022587 0.715268063754
424.199376442 150.889258534 4.94470350498
419.011660771 441.013326434 1.8284219563
288.178285773 191.403423407 2.0541930401
203.120153552 123.928506434 4.71797171352
460.068556338 443.116732381 1.19546734803
20.3921566412 432.405292634 3.14157429714
221.637874833 27.217093999 1.48449413422
167.565947138 220.386542302 3.11662690852
384.866840037 3.77502517204 5.46089167549
272.723306313 281.602613497 4.59761959558
438.043150316 148.695684198 4.50369080664
325.656180564 324.585714641 6.2328463674
354.041027215 112.918569256 2.51711267065
212.836651106 106.601891963 5.16367065453
9.08746644476 398.904707886 0.763877521924
461.111331993 191.36356233 4.77799139467
165.073464351 474.122063285 5.87465339991
260.852375934 79.344498292 2.48331585466
284.171562874 381.14760402 4.55362492413
158.547927016 286.184705646 6.13156639844
237.825649929 192.743460007 5.71646982339
290.6091141 387.260940549 6.06160127073
116.278357165 309.148762958 1.48127729617
135.982090171 119.277053582 6.21930164638
486.866135511 321.620088967 2.24336633104
90.6213382207 130.290354122 4.9275406954
226.957028167 471.209556719 3.67945233473
489.090410559 8.58219758722 4.88730697224
4.64284996325 387.50207109 5.50167627313
182.273190925 443.181198904 2.66818164551
12.6716858778 57.0219287777 4.17773494364
51.5519229203 291.314033001 1.25036779374
288.224113697 96.7175879501 0.630612946368
27.2479189159 46.0918602994 3.5391641901
208.782445079 142.605092347 4.51818641084
95.219323441 19.8527471755 4.97274489137
161.959645352 28.902019767 0.940260700964
495.265133252 334.834072778 3.98906823916
323.797082908 207.024489234 2.95599719757
229.503195921 397.875197461 3.20595068387
25.4882518476 324.089310122 3.62796284064
417.65112681 228.867945339 3.14315815061
228.529242168 432.549392533 2.00600081391
357.754200546 385.493440293 3.61868330812
203.986772121 464.5810388 1.01769604766
192.974544836 403.446753679 1.01845789478
430.330953176 199.136958245 3.18042291406
203.259622164 304.416377891 5.96171658338
205.439848412 402.731683939 6.05789087014
482.424233895 488.243220983 2.27507390806
226.190756356 424.512721129 4.60709540726
364.430278732 496.361623127 6.01805258085
314.965548688 280.190657585 2.32169049248
394.930906191 146.194677898 3.67985312041
489.343006479 56.019756459 4.29800257527
484.437439301 361.977248794 1.6022286554
187.539041636 348.028099619 3.94609606862
300.03531758 370.545156433 0.163238289259
250.078134066 316.038962064 6.2418019424
58.8335108543 3.19742819996 4.12167271651
218.851936695 251.886070694 3.65174287193
361.613636779 6.44508658376 5.48089411757
240.789916982 180.638691085 1.81427551733
472.282825239 330.876913606 0.321664528963
285.765259218 100.995975577 5.89196383936
313.893714724 65.3174532251 1.8532531958
396.061468562 172.854983405 3.74532433217
243.671797838 491.371366362 4.61696981273
103.766009273 260.312994781 5.47791758899
373.010665408 466.139972552 2.57380176732
13.8836939802 248.389579832 3.41844627519
472.547368378 193.22347634 0.385392253776
250.50387704 98.8220723291 2.40250945544
158.556994724 119.766230171 5.1126856615
186.892534215 460.56866542 4.86361131718
481.871865176 153.160883036 2.30101271409
372.012587808 480.951800872 4.18825106027
272.719785087 169.031938096 5.04099687871
411.633595753 429.610252984 5.86899867359
51.2041378317 307.225084799 5.13881087426
70.0603143259 35.734825376 2.44099932214
311.009019656 31.8985431243 3.75818634066
159.282465698 135.790655431 0.262854146897
