0 60 80 0.7853981633974483 500 500
133.218872834 198.329128045 1.27339670532
40.015733825 250.017936459 2.02687466561
313.172758391 336.435309045 0.56741752974
485.869753664 215.28715012 2.81010138911
233.302494855 204.221732407 3.99579085045
41.0901442651 228.363206286 3.39448519434
485.98509628 189.698646837 1.85196500405
449.945191959 137.830958623 0.970483026674
318.888300254 315.42473977 1.69188577422
29.8918166502 310.364370472 4.61062250367
251.550029143 456.065518185 4.06681992025
255.03079018 197.874653688 0.606107992209
229.447926384 345.669050788 6.06896863296
191.393899191 371.310644969 1.86594731962
110.153116195 130.040492674 2.17508333598
325.126576435 400.129723334 4.28126111414
491.504134098 141.094352122 3.03218076915
478.750047271 424.785581164 5.00334141569
429.714438849 192.664206447 5.73196059665
369.83172897 90.203991933 1.45258337782
191.584182806 442.733013175 0.462058808438
455.923911548 144.113217277 1.22762049889
297.296017577 88.8611200904 3.64783682422
81.4774951469 229.586925567 1.62901037945
67.5963852439 283.293960615 0.754756764606
486.743326277 391.269487222 3.64987654524
408.624784764 458.786980385 2.58370647186
409.153377507 450.178379241 1.71582227735
11.7782565951 238.985684822 5.52801971372
4.70162040855 115.038267011 2.48837397009
14.3002341413 401.256582304 5.75069616933
398.437194141 256.765094052 3.22083794171
111.298193015 97.3227950422 5.42473537722
348.096547479 351.972754783 1.66181805312
292.244802184 130.820076164 3.80943612079
182.392429882 430.545504323 3.29758351691
56.8797240452 189.284370477 2.30394126437
18.6488944151 262.338226868 4.37963515803
60.9402196731 281.864704347 2.4702938781
75.0036851076 482.826159711 2.19051382935
418.771941207 342.272517493 1.18585815155
497.986472785 340.904089454 4.81916601429
51.0028823278 479.515995112 6.06699288296
36.4068641893 474.703780735 2.97860703149
343.052432657 65.762529114 0.318957338675
104.792429596 149.314070315 0.213800823385
67.3378115234 336.524425562 5.04086657993
385.958292534 32.7429344737 2.10630519033
400.874035888 394.588074835 1.35215357961
287.925293902 139.826115962 0.22299648817
226.703924005 279.256400696 1.90075668448
107.565446654 86.2291728792 0.804148064075
110.221895695 41.2104359552 5.2884680605
368.595795055 35.16792168 3.65747092727
423.318829736 40.5342787272 4.07609235582
478.557883856 83.1957352731 3.45752426618
158.374004616 114.136172223 1.15051508942
425.168926089 85.9492468009 5.06028911687
264.872941958 296.959546341 3.65174288831
323.680666241 157.467010677 5.31065427544
