0 100 80 0.7853981633974483 500 500
306.332916878 54.3204921944 3.72032502215
161.785275725 333.144419472 3.80587888331
100.203882126 199.60646241 3.88611817942
237.161460587 272.963948689 5.8260309794
348.903345497 44.5217207519 1.38088237886
256.774374138 141.265619246 5.19210476841
280.975032361 417.822085244 6.03100643984
35.2625407769 136.158326413 4.34450502983
350.636577414 159.372250016 1.86608721323
168.436708149 21.9599832559 1.16344917301
89.6148707048 140.554028574 1.90882128956
374.462695571 162.310687167 4.76484058913
449.758226096 283.632846548 3.1183664101
74.5949059325 355.133864462 2.71591224146
108.742780276 294.303593722 2.02260866275
416.268942752 299.220913513 0.335878639256
165.489230072 422.159097815 1.24783036129
39.4616673123 208.779044037 5.19008284438
165.900702709 177.150578966 2.80961572796
48.1759668887 336.486958058 2.0848957369
466.53996626 303.149197744 3.77348462715
362.924210234 17.1592221128 0.268435557169
339.658844352 399.524141426 0.148493530593
301.81077951 238.780653413 0.159512517446
448.704872808 179.443622218 5.40294425357
175.5054649 274.081722594 5.06402143427
368.724790443 333.487726234 0.692721622366
396.341289637 461.335304888 1.28147451223
79.0343381758 352.692686801 5.04939356383
100.376889864 488.448767118 1.94118529128
493.986634169 247.311338013 5.91181748818
461.469534836 309.755807882 3.96444388874
262.824566698 249.47623021 0.341196751934
499.892897726 31.0438825105 4.13390044577
395.692940743 342.631821806 3.78854593895
415.292231624 468.978155859 2.46716542016
68.1288183968 345.263955571 3.14839092128
260.254054975 72.1966431049 3.16263406557
466.19242417 242.806717588 2.81221987229
483.022620615 192.601252288 3.7847061508
221.877199424 461.797199784 1.99663975219
418.474157851 8.87722270404 4.94433879329
313.216156768 8.02789822167 0.0479602424122
144.203986862 357.797452363 2.8374602145
200.552073637 493.239051414 5.38785957413
190.646942878 354.819919011 1.68100543974
67.7641481228 432.604588694 4.27372960258
434.50965405 127.235091389 2.5770343061
318.586826286 341.336611336 1.58978069417
8.31431111709 367.274190178 3.43164429663
418.755243042 456.730247882 3.90483998881
112.158595612 422.40984312 4.91231381342
412.859925735 169.893150304 4.99730630367
167.104093633 492.5302877 0.887399629433
164.314098686 115.04377624 1.77077381785
469.80079286 152.796939484 0.178055774223
57.5938174009 221.3096257 3.29571074528
153.654930594 33.9422743778 5.38275752496
427.522734967 81.49718304 4.98297444605
194.109543789 470.667119279 5.10453625886
49.7589172194 35.2799186211 4.22871127769
361.722317216 413.078799563 1.99685861374
46.7290738985 360.25282017 2.43684785598
149.87254083 213.67277269 6.20602102893
296.808544386 421.70958783 2.40308876726
432.182688422 179.091781321 1.75462769105
152.340910902 370.910289292 3.29050613897
52.7501739698 104.937827772 2.27383248335
161.505833866 23.1226797289 5.60868417088
413.631055796 304.336473552 2.06459481764
282.493351754 186.685414758 4.19432670188
481.915782604 282.474462807 3.64535365963
39.5938942229 475.478839678 4.24280563425
57.5671737063 98.3353351727 0.722909523195
105.898542363 163.191323874 0.807184996594
198.454904665 294.156436665 2.03965177685
332.263177369 60.1137194934 0.808323085634
480.220954851 127.841385073 4.45146492459
297.06782674 214.22995415 1.77577235882
151.714232259 263.734104659 2.66399246133
445.979462992 132.255167899 2.91437678765
275.140397985 349.279329392 1.54754648403
439.24457859 407.222746182 2.34115718109
382.548230154 359.258593021 2.55618618371
97.6334315413 229.372144512 1.43590136597
193.474402186 316.255472306 1.88661069402
490.912034769 227.800947606 5.34649054105
249.632389944 283.25396929 3.42079897115
95.8549936167 46.2653181627 5.86291195496
300.917838835 497.295146708 1.9658267536
345.624164396 68.1704876498 4.6542739739
300.693554104 333.705260844 0.128456112237
454.694988855 74.9218673648 6.05412668391
413.932360804 74.9291903756 0.228798013316
447.178866105 108.406812 4.00972359734
17.4523714911 92.9820426326 1.47579841648
437.820786951 432.756992353 4.82619155142
359.196546256 246.120485898 3.9880743682
180.370608924 55.9143874913 4.4902220471
406.46846277 384.284251339 0.175060387555
