0 50 80 0.7853981633974483 500 500
442.809442521 159.68678554 0.701049726233
85.6254151721 336.754089099 4.52281274706
401.354225196 494.391898906 5.49391923688
115.109930021 360.948756727 0.200704121155
394.871975438 198.6103864 1.94574357738
434.572699542 171.211228321 2.61763825172
122.062710151 231.693459188 3.01859128027
91.0256116787 256.605653631 0.278428063691
73.0408935947 329.730105375 0.516583902928
12.4738157791 159.449324255 5.88204025618
435.530579844 114.517330603 0.134233671406
12.3785770075 337.045580852 4.88078482298
324.789563133 165.644989329 2.43958564069
184.532542731 43.3626602225 3.82744132233
65.5697353892 349.545378141 0.555901911754
200.505136079 140.130979092 5.71988096516
260.271435982 311.923538566 3.66495732281
294.731616614 459.088050071 5.38028354509
478.887830755 188.71547927 4.4274430514
241.685479358 3.75049444506 5.74470527512
155.583937018 467.447957837 2.32756304964
310.325849674 91.5565483073 5.61162290538
286.320245104 304.316809898 0.205624533545
184.66787097 431.084267346 5.38005574512
38.9725229635 31.2967091082 5.64145377447
262.988209395 83.0019958903 6.16859976868
401.878386132 178.666616639 1.46742670224
421.064018001 35.511858136 2.42147565802
199.866438703 108.950994372 5.45131593847
235.998408227 315.515270484 2.67071147191
426.36536571 16.4192289676 1.41127865318
343.589565311 359.029902265 6.18715347952
100.592366069 24.6689392502 1.33295472401
383.099584921 362.027353361 2.38887888618
220.809950204 115.285144955 1.45593357175
136.954062759 249.815586753 3.57167437508
294.316233088 461.265161607 1.38326683019
202.580306017 450.598139952 3.37178265739
205.110419505 493.479607622 1.13172243132
344.531936833 10.4189823966 0.0924473867772
361.487354795 248.202067908 0.863401290163
266.925480618 319.183023208 3.27077125817
442.452443901 199.915986304 5.44286329722
107.833059894 388.833903198 6.09180291191
137.336834385 289.600328298 3.82663848876
442.021314411 244.266133929 2.75680299431
274.998246471 343.488418295 1.0147840194
429.554075504 38.9950135357 1.48377262557
31.2923147193 233.214662261 1.43950673007
12.7957110842 201.669285558 2.581502421
