0 50 80 0.7853981633974483 500 500
17.3667113868 232.82713124 1.77077608732
275.880493387 55.7484681712 1.38961641531
309.250364809 133.505899589 0.226991350043
83.7513830759 133.786544093 0.153230049706
196.014041664 135.530956376 2.48903115588
468.934249668 453.015554179 5.62450195448
496.247963725 438.268078684 3.11756425826
35.810618126 345.600756383 1.5346533822
450.121710637 170.516646166 2.32931689996
402.297781715 39.013571875 1.8011755534
113.139612899 188.498262136 4.66507093038
487.620952547 90.2529005852 4.33005255013
258.975054219 263.385579247 5.87300205284
33.8031669206 245.546189828 4.15108537596
182.790984833 256.190511048 5.0459656218
486.040660851 159.573667484 0.431213722543
24.1754386533 125.846059453 2.15358079881
273.903028202 159.50578749 1.50720458685
295.057784637 168.118024863 4.26211733338
418.305634372 54.4464303872 3.84925349561
491.130170594 7.33647647814 5.13695290091
478.186769055 129.842209564 3.55888336156
485.206780428 276.588719276 1.28309444126
383.858828297 13.6908676475 4.15264492295
483.845179957 16.9047011852 0.0543738827531
75.6307533497 108.723422087 5.49903188127
260.45320218 95.5847180612 2.03528600899
408.018735636 95.2788312767 0.910773496028
359.164222029 441.695203579 5.40038433241
221.339872211 31.2652678317 2.17079435411
71.0622904641 345.217884923 4.90477834199
212.468183233 78.0933401813 6.0413253831
294.664582471 289.810761322 2.96465267519
220.203945373 12.5623681794 0.359122075399
255.935829623 66.5164869389 6.10013140727
26.8518952499 224.122267159 1.80132644869
87.7588792383 352.613381713 4.10828833864
287.710233367 340.486089679 0.268054429421
380.190013883 375.642271356 2.86968440917
212.624128321 388.67841133 1.48035704257
476.97472622 173.419277168 4.9704939364
373.835046417 73.3888231344 2.11659029893
348.150986273 124.060330112 3.54842383437
48.3039595587 190.950687998 1.99923509843
354.593963749 73.939988767 3.19224674735
337.174187154 397.384966769 5.81516578527
289.292064219 152.220223529 0.52283789527
465.150363629 371.531467699 2.34371400417
421.827234847 126.728050831 2.43490755944
166.486388757 456.935113162 1.29580860949
