0 90 80 0.7853981633974483 500 500
344.121975976 326.416321149 5.74497451683
20.6989456275 135.200065809 3.16792412331
254.955454075 228.926318396 4.33417529154
326.278481757 66.5469016078 0.949238630482
300.86080285 332.850169455 1.66845061712
234.17572509 441.814254329 0.360798082413
296.232834588 181.434678082 4.25849002796
252.589174966 33.8244707598 2.90948984006
314.193666886 390.369145109 5.6708677164
253.611193845 377.652358816 4.41056021594
317.863327196 400.57211466 1.09154190974
189.980185873 110.04686885 2.62876556869
341.659294445 367.472813841 0.312051534815
39.3322443906 467.105792708 0.202951974806
431.910827476 251.439925102 5.32205779598
153.652064224 497.154249113 5.43990804214
349.114238347 379.78013831 2.59324520118
438.426756218 301.411423297 4.34477340112
154.208795172 415.897775913 4.61474287508
416.706423389 45.3146889508 0.997930144619
281.000210537 87.3480294651 3.14862090026
316.098725116 10.7056611149 3.98048064081
390.115425542 192.991375934 3.22426264151
289.797507673 41.3815522478 0.780174229709
34.5209552891 50.4210176481 5.1807394546
113.638468623 230.100203224 1.36161239914
303.330838147 444.813326032 2.0863607887
56.1152428539 476.903481288 3.42592271783
378.205666942 134.053539007 0.0619332619297
163.014379716 318.224952698 0.655411805175
449.136629383 403.415098692 0.689213124577
82.8549023963 312.32992657 2.48733779135
352.70574417 403.368764623 3.95376622178
479.600968012 69.7957867647 0.0722172431032
399.370431864 315.163531378 4.93157913703
456.907588457 145.080348907 1.7800459596
448.774089926 85.048565498 0.131819334543
431.676967843 167.919707746 1.79836209886
67.2583910121 186.529224075 4.2793693694
264.000193485 210.653017864 1.26354488946
360.756053396 26.501461992 6.20238829827
17.2764493527 377.660765454 3.3106647148
380.210130634 212.934840958 1.43508839744
443.659469931 106.845256862 5.56468150212
193.526236062 162.000891579 3.3072685748
185.714300557 135.316626785 5.33453792747
490.072150103 278.28885785 3.56317583308
148.963621995 376.440022669 5.66029505614
108.055116988 284.300681965 3.07052630479
121.026055495 3.27152755376 2.53352253505
246.376029026 300.507213277 0.964036210986
418.478485386 230.31640514 3.03147686123
204.816940956 245.325786184 6.18659259171
166.489601913 244.418954824 3.66087393749
163.666372893 337.28946446 1.31367559214
351.276550331 394.582118583 3.09721145164
300.967447708 5.97271082147 0.437906037357
401.747878932 277.031393099 0.346618636383
78.1531205629 193.730044961 6.12451836828
278.122307582 311.639391034 2.40435755519
242.613655687 225.949026881 4.05413593923
488.434223407 147.393565406 0.605981957753
65.741888482 357.858098384 4.44043168136
423.438055264 94.1643012003 4.80711867136
79.3880237627 265.900410107 0.907690930958
453.403268122 282.674568217 5.56980303468
437.486594829 368.589974582 5.76354940431
338.496625881 61.2534594835 5.95850052888
217.160481664 41.5783175751 5.71452181606
456.348640904 429.471078923 0.708511839658
188.235723744 264.769818548 3.12875109427
416.502769087 305.418500192 3.19403833573
311.83193477 297.436535281 3.86745941109
48.7169597746 76.1595819437 5.86338129376
335.469676526 12.0902138591 3.01351839153
429.631070969 366.649691673 4.83495818799
380.00695956 443.836103416 1.10769783182
344.40408324 423.010928853 3.35266382198
207.569918489 147.755835631 5.77290688341
236.284621932 379.594151292 5.79400759547
202.240190423 437.94928681 3.34023602015
383.029759622 68.239959125 2.49177863321
84.9530245563 74.8234700217 4.43070920043
373.88482485 350.005540987 5.8860586048
42.390291393 262.954752895 5.24431594805
49.2862372069 328.01524826 6.1998569482
148.588970065 434.453780766 1.46196836955
92.8831468815 485.876841015 0.803864683995
418.40579257 120.330634128 5.69234223761
392.668502454 35.8756073547 5.78741175393
