0 60 80 0.7853981633974483 500 500
307.320387724 205.819173532 2.70034052379
483.386339243 119.034896738 0.647719970123
52.5204371846 113.847551864 2.09644968891
257.532569994 228.512499862 5.89582384834
482.102201966 315.085211104 4.92400767241
367.707761994 374.343645417 1.82916855466
66.0653194727 262.365459795 4.58205960477
141.744910991 20.1734165316 3.80732553258
291.221300985 105.918419675 1.02409152195
466.584305165 424.809428528 2.18673038265
311.26744389 222.447019967 4.16316753786
30.7227575344 100.248270145 6.23881556215
152.857325195 442.167246262 0.569589072146
6.61207264107 410.556347578 5.13731176004
134.37144334 205.294475626 3.84584526714
12.086103784 42.8001895603 3.69592766836
249.30789351 268.673356439 3.09283508814
461.066534998 87.774238059 2.57557867208
428.638191982 59.5722285753 3.19585127495
202.129983943 269.782371331 0.522955308988
75.5916195315 329.821298414 3.24455609405
128.865598782 313.256644828 1.90067785177
194.990570167 206.630840147 0.913198881274
478.743965905 177.821674457 1.04471677584
198.961565284 353.249693605 5.73437561558
69.4544861483 261.320725495 0.823368297596
261.799540818 309.602142608 2.88588240096
196.795850658 130.673815428 4.62056948647
119.444829178 150.560696806 5.89080124919
69.6950294935 422.994590266 5.06616864087
137.388079555 186.022503117 0.222145721782
101.183873232 281.262258833 5.92813279293
299.482439668 73.0699389925 4.91090121541
260.256698873 77.7663754503 2.69427622434
282.302378054 407.279087463 6.04926349199
322.388488213 41.5726848006 5.38994196397
214.566428499 56.3028531803 3.51315711708
382.493505034 275.778076953 5.50356964178
278.25146357 485.325032262 0.521993158784
397.023866485 446.243506892 3.14791699286
122.800319296 446.464411288 1.28070438731
148.841282256 302.744022907 0.81813789584
243.501641003 349.494234039 3.60905407808
468.824995178 63.6790121748 5.14818329995
440.729174252 328.423239275 2.64689809488
263.96325611 38.5684749907 5.93846712094
134.62590446 235.674036554 1.33122150988
183.993742772 306.708781699 5.39573626828
367.829519424 303.169765683 4.8902116828
80.7170095286 386.681096734 4.88042852891
415.917984123 84.2205199197 1.24747513544
212.305507557 207.311722549 1.06802006343
369.987035465 359.280683654 3.8140262348
63.3470312685 446.381769793 4.69668075087
307.46650662 477.869459417 3.68514396191
477.855459942 252.671089225 2.2053142473
137.99040729 49.5309938279 3.85292122284
118.091601099 152.297860055 1.13363924651
42.7154697521 462.010695965 3.54405660874
245.848421723 268.447219518 0.66862403005
