0 50 80 0.7853981633974483 500 500
173.977141232 400.627145608 4.24740371256
207.897524197 252.242321171 5.40102066163
492.55067209 183.113236796 1.68059324352
233.566703354 108.968140588 1.40746559406
437.326827204 36.1107383776 3.37111010302
71.1752953961 119.781281283 0.242817177446
193.4842927 45.6128608255 1.48269446029
430.882377745 164.543382028 2.42871195475
316.233916685 102.079100848 0.493962623505
474.588279215 340.124533548 4.71114604468
82.4575997318 166.440929849 0.902813253367
101.869172834 433.640055924 3.67299324297
105.460400965 55.4391679393 5.01367094327
92.0121372202 394.086972003 0.460049513492
11.100727429 278.167229503 2.74268447213
351.998893531 449.953045226 1.26426631199
212.557350561 54.4030611301 3.21099715555
157.373220869 305.225628704 2.63734168655
18.7436415003 210.812214515 3.2098538496
488.503791907 449.559768487 4.5829791986
361.255680222 296.788154283 3.39473161626
114.048439063 84.1760052193 5.3472818736
73.5889361687 339.577393344 3.27839939619
50.7700227498 324.254017894 6.08114774417
229.019763256 446.719633425 4.90859150928
256.705051503 200.10282091 4.96220785067
32.2602129151 447.164664198 5.58243431745
179.239623791 460.892895694 0.10860975215
64.5332684078 351.634286529 2.35793279508
460.17167682 467.727789669 2.5550177298
32.6384468009 181.787288121 4.8241054565
206.785326132 10.7896315253 0.489274612418
242.302120393 373.521730729 1.37042257069
483.622456255 434.047003534 4.89946779895
337.260486702 237.456467299 2.02211344992
270.066963309 488.292428141 3.76627416022
98.860842666 296.823887377 0.158388339346
44.9925535469 109.720605262 2.75315165513
226.398587149 268.324454959 3.38932254016
408.854730552 467.12931472 5.21563450192
87.8911073822 95.8303521233 2.45816202437
363.924978399 136.349971079 1.48970937371
154.619047855 24.7047166378 2.60057570821
33.0626125597 323.512133403 3.37024690116
116.076511254 291.160316149 3.5651760416
201.020646346 176.355213362 3.41451232037
190.196025519 309.686913671 4.14258007272
442.795618835 357.756240632 1.074627083
167.300424486 278.483183441 1.24295162601
340.901066306 86.0762597528 3.43194925039
