0 70 80 0.7853981633974483 500 500
20.683919936 205.799360203 0.0551342949267
1.85904504504 172.298548233 4.36084346248
220.753870467 330.621628895 0.846263825964
83.4447952727 68.0662121944 3.05480202491
220.341199413 463.211497331 2.92794114342
310.73999075 390.65224372 2.61675277963
460.953155596 236.678225847 4.72535520588
469.885536224 237.690970204 5.39912097643
68.149794767 14.8675193941 4.01815964002
50.7390387212 436.909207901 4.29188931086
63.5795060051 461.722666245 5.55550498411
242.301444348 89.9469401747 2.91603141381
372.183527769 82.4719574142 0.808710826778
95.1998635413 368.90838751 5.73340491273
469.585887285 225.570703382 5.53713037461
291.970052649 203.894936849 3.61466629338
140.164704735 169.021628825 1.06823588406
67.5658685918 454.610817757 4.53074741909
157.420925353 65.6486063652 1.54933869924
437.668180361 245.026292179 3.89607798776
106.274115207 253.321397838 4.53845874493
398.46411326 316.873702588 4.87824919974
316.062997723 120.203991722 2.68177817146
301.161479022 76.7074967678 0.521657064209
149.278891409 332.799348221 5.06492678478
425.52906731 125.398183283 2.14800892663
58.2869655065 269.989377776 5.05014530483
128.050781274 282.08409285 5.83517707625
45.8696161879 418.891757188 4.07850633359
314.829097172 117.248545526 5.18591617373
395.453841564 456.616687842 2.93013505366
51.603445474 296.153169943 4.20074385059
477.504784292 145.73435439 5.43304092472
374.636523308 479.287252806 0.825394537519
287.755650338 32.4843767257 5.89260807867
430.81733074 145.577714208 4.41680541178
369.301183662 448.288009731 1.56479690734
60.3159793966 180.473651154 0.18060548836
162.767896626 382.929013724 1.69844923705
390.98545806 423.894822366 4.23328464712
327.426888615 258.126612114 3.12975007744
206.531417416 444.459035095 1.17969105064
197.12369286 373.299342749 5.94421081528
160.954181543 485.361013576 5.7867941731
462.725614768 139.80364066 3.72665596104
77.9058530477 148.004366151 4.45391698261
142.126693602 376.755183274 1.47458660709
474.423538985 376.328470719 0.946831752833
385.847809698 58.2322131185 1.19864000371
53.1487660629 430.795831324 5.67445434166
157.165409934 362.288123587 2.73019850553
65.2422871605 234.082538169 5.50314537207
38.0661616844 452.432312781 5.47683970289
229.448057364 219.431908828 5.98236791421
6.89649799727 484.14140868 1.83564545037
333.420119195 263.105494144 1.58182750727
357.604882092 295.11944332 1.15287803703
11.9513996523 89.2549112186 3.02684334729
396.103535783 237.931992807 0.954210938679
172.961739984 224.545633642 2.63603811434
395.851607685 265.383978358 5.41993811343
218.432943129 139.27273454 3.27147264085
176.3890304 162.467340521 2.16758204212
272.702916576 9.52984831528 2.26487900954
344.1489969 215.729508768 3.18013845537
153.015314886 324.994940468 0.618262326688
174.715209079 258.102405509 1.10705742504
469.393605357 287.508671104 4.3164201498
70.9612240936 241.505184784 1.09650781142
63.787671899 376.417419828 2.78090185827
