0 50 80 0.7853981633974483 500 500
427.725271197 296.229377445 1.20282663053
123.192775577 94.3047444358 2.04753019921
277.771383853 252.857486744 5.69251598949
135.997284228 168.994740124 2.54091422044
103.817389912 342.556140573 5.2510196747
156.460392147 5.09066368573 6.10910203129
145.252607719 123.647760863 5.40982350125
413.617733453 44.9617645056 0.610621749145
368.99471523 113.099270475 0.267994447648
123.456820047 325.604412568 5.89222834134
25.9415695067 252.08011821 6.08449713222
274.252008313 432.376513484 1.1229289095
465.144747178 313.478116044 1.12190596777
211.456279266 236.402597116 6.03121432055
39.554839195 491.412411888 4.22117816439
108.01342685 156.522909014 1.09274373488
224.475595982 216.423018525 6.10986325527
97.1164334197 214.918530874 1.33936517855
223.557955342 314.124684249 0.212226054114
343.528764563 334.383196147 5.69419690476
311.435382047 218.286746784 0.355623057848
226.080905212 301.132823857 3.00843065632
349.169813973 78.9497220515 5.03801532328
180.974258343 296.705147488 0.944694895876
309.516766564 347.650358913 1.34289458013
323.973614718 294.911823033 4.12069708689
101.209659195 164.508954357 4.56776625594
251.057908264 130.013376191 5.36487861692
166.733469517 276.483084798 3.3105595425
232.086778653 379.90884995 5.58650961862
93.8528313428 371.823060607 0.826934411042
378.279100724 99.5778686206 4.92697676367
310.105571503 31.1611305534 1.35045036311
102.779877118 251.216704348 5.51514326708
361.589706762 230.459023224 3.62541586518
343.122715627 70.7888033875 2.59379417237
469.542267076 9.44120905697 1.34244250377
255.435217539 4.40729154627 3.33243071994
263.450452322 271.871209651 4.30174226127
183.163209252 273.91437848 1.45626348814
7.50002662484 342.446882921 2.2864947583
82.7931720225 404.258155576 5.08233716969
339.41928161 187.445428417 3.0909840661
124.338300491 304.434298277 1.78439721553
344.417045001 358.406353543 6.19365298457
408.852701978 103.754958581 0.857282880428
32.4668081254 392.891535893 5.8663954445
123.503001901 79.2564966656 5.86129785124
78.8090534642 108.720464023 5.56060749428
486.30079718 375.283244867 3.3885586126
