0 100 500 500
232.504207132 400.419862224 1.49234191111 80 0.7853981633974483
47.9411733455 25.8441771864 5.19557372792 80 0.7853981633974483
-206.19151642 246.629898946 5.74829483901 50 0.7853981633974483
280.902356973 163.269142712 4.20986634047 80 0.7853981633974483
-481.897530478 313.704217372 4.57347633142 80 0.7853981633974483
-190.247859035 258.662499838 0.183212463679 80 0.7853981633974483
195.988189777 400.754854913 3.82243874244 50 0.7853981633974483
215.357093669 194.256135399 0.820116305492 50 0.7853981633974483
14.9678726177 125.273523789 1.98417593534 80 0.7853981633974483
-197.079297062 98.0212682822 0.0920941021933 80 0.7853981633974483
-95.4935945948 165.590559783 5.23511374597 50 0.7853981633974483
412.808340457 119.152076142 4.52116853365 50 0.7853981633974483
88.8753484698 114.528321348 3.92308781358 80 0.7853981633974483
417.659501626 126.075491562 2.16896285279 80 0.7853981633974483
127.260402392 220.863961055 3.40340625126 50 0.7853981633974483
12.5969403979 181.378898657 1.6760727492 80 0.7853981633974483
4.61170317589 90.3065539001 5.07538951819 80 0.7853981633974483
413.218613831 295.204771132 5.82703137892 80 0.7853981633974483
305.601617086 110.095712647 2.75427312728 50 0.7853981633974483
188.053928017 276.434800871 4.91443710137 50 0.7853981633974483
1.6513950482 90.1778641435 1.46877653688 50 0.7853981633974483
158.273666456 494.386788714 5.70414015367 80 0.7853981633974483
154.040493488 -226.581459893 1.17526616911 50 0.7853981633974483
148.205776093 81.0943771796 1.04902419874 50 0.7853981633974483
-61.7414278699 143.057455497 6.09417081822 80 0.7853981633974483
208.32767747 455.689180692 0.518270489043 50 0.7853981633974483
147.342718473 126.398415268 6.19477566312 50 0.7853981633974483
334.453810514 -9.00170807714 3.08553896789 50 0.7853981633974483
44.1509004415 302.259088538 5.62677621633 80 0.7853981633974483
58.8102469795 275.382866748 0.816122857165 80 0.7853981633974483
342.855396929 388.994300877 5.49077256081 50 0.7853981633974483
135.263080305 85.9095349016 5.92153308884 80 0.7853981633974483
268.840441579 151.614411015 5.32636626128 50 0.7853981633974483
-189.721510529 14.9298870403 1.14229933625 50 0.7853981633974483
422.917123857 47.0121713165 5.11414317914 50 0.7853981633974483
95.8823808031 158.670737521 5.81001621478 80 0.7853981633974483
-150.341981593 324.199338228 0.215801299575 80 0.7853981633974483
379.197515267 -165.409254045 2.23245763868 80 0.7853981633974483
97.721729459 223.680312721 5.85299189967 80 0.7853981633974483
83.8193052852 112.168585964 4.67190820937 80 0.7853981633974483
317.849895525 437.158157518 0.901909075376 80 0.7853981633974483
90.0638782591 53.7136543574 1.70366475275 50 0.7853981633974483
-418.616895977 496.447256034 5.97445165726 50 0.7853981633974483
126.1887657 239.075407534 1.21085566714 50 0.7853981633974483
78.5512566369 0.815826023246 3.39730802056 80 0.7853981633974483
337.745690605 270.778260853 5.42592858769 80 0.7853981633974483
346.004819435 311.136138114 1.20567529086 80 0.7853981633974483
1.55591219758 19.914755158 0.208554488698 80 0.7853981633974483
80.2525772397 11.2310776229 3.64110943665 80 0.7853981633974483
302.267166127 153.381983868 0.960881982512 50 0.7853981633974483
179.946255446 208.041149466 6.0221824514 80 0.7853981633974483
11.8404917026 128.718963318 5.36833938725 50 0.7853981633974483
168.289235542 183.677666496 4.81260693997 50 0.7853981633974483
-37.3145315502 268.539413577 4.92087336514 80 0.7853981633974483
20.4004801549 27.6172512334 2.83003222652 80 0.7853981633974483
1.0598713618 290.418048484 4.06701861096 50 0.7853981633974483
121.110803721 284.55282659 4.32593493116 80 0.7853981633974483
333.433607253 7.24914863159 1.91549729394 50 0.7853981633974483
341.002219561 152.406502613 3.71496612092 80 0.7853981633974483
302.821382806 176.806140654 1.53176648414 80 0.7853981633974483
57.923142451 26.928470866 6.02387712446 80 0.7853981633974483
83.3961673905 111.562645831 1.70680549755 50 0.7853981633974483
-180.711265194 22.5183168641 3.25527868948 50 0.7853981633974483
2.70547714151 115.413976881 4.83251116792 80 0.7853981633974483
133.987172308 456.550217008 1.78279135854 50 0.7853981633974483
126.002063111 36.2498204569 1.03575077311 50 0.7853981633974483
350.092047113 -440.806510797 0.618250253222 50 0.7853981633974483
154.3544669 9.21389025601 2.70277388003 50 0.7853981633974483
-67.4352080727 2.43942069493 4.51309097068 80 0.7853981633974483
486.809318748 9.01433184235 4.13365344274 80 0.7853981633974483
-330.332538356 334.543618132 1.64609407174 80 0.7853981633974483
122.940441642 94.0910935689 2.35424299516 80 0.7853981633974483
167.421510022 212.263424729 1.31479761473 50 0.7853981633974483
238.547688116 64.9076983882 1.10358613983 80 0.7853981633974483
66.0569615572 91.45813351 0.412301161764 50 0.7853981633974483
115.582607989 244.230679998 4.39574324821 80 0.7853981633974483
175.36769487 467.388688916 5.34443829274 50 0.7853981633974483
134.325914 134.059802539 0.683423031078 80 0.7853981633974483
197.237580724 14.9038196978 5.12206700559 80 0.7853981633974483
143.979070177 325.452755277 1.57614879195 50 0.7853981633974483
17.6969311604 198.458969746 4.96061792406 80 0.7853981633974483
95.3058834975 128.707238627 4.58863777331 80 0.7853981633974483
125.194403286 126.236337138 1.23392702064 80 0.7853981633974483
1.32924839666 82.6553277685 5.66337873748 50 0.7853981633974483
332.182013892 1.10984625496 3.3166160509 80 0.7853981633974483
47.4220707185 48.4333559411 2.14951484522 80 0.7853981633974483
69.2918448032 52.8490289677 3.70853335543 80 0.7853981633974483
123.260946363 122.490152198 1.89156219802 50 0.7853981633974483
448.945407958 267.79640148 2.14360397282 80 0.7853981633974483
22.532654355 75.2934116436 4.84915183454 80 0.7853981633974483
410.163182088 -55.6306652464 0.375881410794 80 0.7853981633974483
85.2125098675 320.438873755 1.06842274641 80 0.7853981633974483
151.653185901 70.7115732568 5.92703294142 50 0.7853981633974483
218.027396962 108.76802893 3.9219781765 80 0.7853981633974483
387.280671547 360.724106194 4.67623023084 50 0.7853981633974483
9.11292330867 62.0118532783 3.70046441922 80 0.7853981633974483
64.4388345389 -85.7732060148 0.0594616515925 80 0.7853981633974483
153.397008877 334.509395749 1.05389760436 80 0.7853981633974483
8.72629402352 182.516698476 6.2396737208 80 0.7853981633974483
-39.2710722035 14.9192738942 5.0224599956 80 0.7853981633974483
