0 100 500 500
238.514782993 214.236304259 5.56103269956 80 0.7853981633974483
473.87399131 303.658214806 1.80235742087 80 0.7853981633974483
87.293567536 115.98033851 3.58239414709 50 0.7853981633974483
11.3259343079 177.568209232 3.14992061214 50 0.7853981633974483
421.358249991 216.016173974 0.51710210703 50 0.7853981633974483
366.056091141 6.39523630297 1.42030401102 80 0.7853981633974483
22.0408667831 172.87362206 6.2426726807 80 0.7853981633974483
5.3148789578 -224.533322369 0.872318709503 80 0.7853981633974483
49.8754062725 281.917039882 0.392554609391 80 0.7853981633974483
72.949883442 77.3074955397 1.66335969442 80 0.7853981633974483
-59.1118966499 74.1704411747 3.61720264987 50 0.7853981633974483
372.038881244 175.951650813 0.768252426412 80 0.7853981633974483
62.4435530178 -20.3668326679 5.60933805723 80 0.7853981633974483
106.224344171 5.53286368579 2.57029639227 50 0.7853981633974483
24.5655763447 313.2834989 0.410543226014 50 0.7853981633974483
-12.4668294562 37.4420073607 5.69087063958 50 0.7853981633974483
-107.979322454 246.714675011 6.21458830719 80 0.7853981633974483
276.193653758 -2.32334181753 3.77229401594 80 0.7853981633974483
27.6748502655 249.246907701 0.945302250817 80 0.7853981633974483
-10.8484007876 -33.6372908084 0.349248623769 50 0.7853981633974483
56.3535621102 202.136561486 3.92841834388 50 0.7853981633974483
244.711832342 347.047249549 3.11705093469 80 0.7853981633974483
110.907650209 46.5131796946 3.2721649843 80 0.7853981633974483
223.153535525 70.6441945394 2.03908790006 80 0.7853981633974483
229.066753061 23.2887069275 1.16004871723 50 0.7853981633974483
205.694825859 111.616796247 0.885029194854 50 0.7853981633974483
215.284976108 377.884314804 3.28105830032 80 0.7853981633974483
286.510057476 19.9554931441 4.91960984024 80 0.7853981633974483
31.069249749 188.705660544 3.69901441514 80 0.7853981633974483
233.426163449 123.123132836 4.96075289415 80 0.7853981633974483
276.316025727 350.513741774 1.90556274313 50 0.7853981633974483
283.996780453 75.3477961046 2.47150989173 80 0.7853981633974483
361.97293434 -174.117720366 3.70768954728 50 0.7853981633974483
110.667477524 83.1789894693 5.47013423747 80 0.7853981633974483
437.19727469 78.7270217872 6.26729105504 50 0.7853981633974483
207.470711885 104.308873019 6.27404441695 80 0.7853981633974483
42.0925892931 162.306303061 0.295730378234 80 0.7853981633974483
216.894763467 411.010317045 5.25548908706 50 0.7853981633974483
48.4574663059 21.3595579879 4.81437407028 50 0.7853981633974483
274.608783324 138.927334908 3.66306719602 80 0.7853981633974483
-223.156556502 465.001120511 3.99321277288 80 0.7853981633974483
248.077723816 199.218051174 2.93748787257 80 0.7853981633974483
310.36022328 6.15732119631 5.89145915314 80 0.7853981633974483
-4.59034512825 138.191372048 3.43571560832 50 0.7853981633974483
183.188242718 -6.92692814206 2.63838872547 80 0.7853981633974483
157.022189808 138.694557395 6.04991209876 80 0.7853981633974483
309.760416296 156.884080357 3.91102169412 80 0.7853981633974483
153.968778995 -31.5738465647 1.52194617306 80 0.7853981633974483
356.626654732 319.836710615 3.64447965876 80 0.7853981633974483
169.767771321 -77.4985192841 2.82300167675 50 0.7853981633974483
-97.0060521379 -399.475424206 0.898698291434 80 0.7853981633974483
324.676956565 5.6567232811 4.67376839635 50 0.7853981633974483
9.43163506269 394.745820586 5.81576890079 80 0.7853981633974483
-295.47537212 287.959893575 0.353466799472 50 0.7853981633974483
260.101450171 225.049944515 2.06557082883 50 0.7853981633974483
32.5445737876 275.954984613 4.11126040542 80 0.7853981633974483
124.045423592 15.8929961078 2.79682519835 80 0.7853981633974483
487.806792636 221.608499443 2.13850714637 80 0.7853981633974483
260.06534717 63.2360701063 0.24455534571 80 0.7853981633974483
53.1350185001 -270.108672522 6.11835059232 80 0.7853981633974483
-315.131736731 -336.116292449 0.181309344418 80 0.7853981633974483
23.7722121698 261.707034607 1.66063571238 50 0.7853981633974483
203.918503805 34.4932258114 5.03569681104 80 0.7853981633974483
95.7011345972 190.918664378 6.25878106964 50 0.7853981633974483
4.38677206869 -393.483580476 5.26998835216 80 0.7853981633974483
231.296921715 186.991634967 1.95097434088 50 0.7853981633974483
110.439403828 191.920608507 1.7595278939 50 0.7853981633974483
90.3104543531 341.440231209 4.09911350785 50 0.7853981633974483
180.383451053 -172.813887786 6.18126443598 50 0.7853981633974483
19.2783953921 119.629295377 1.1946810524 80 0.7853981633974483
-114.262128148 372.741103997 3.7433504038 50 0.7853981633974483
230.586324211 22.508950678 0.413294881295 50 0.7853981633974483
127.800180074 -262.571165281 0.531472905212 80 0.7853981633974483
42.922509564 6.79019645223 0.626996328959 80 0.7853981633974483
74.4723401743 30.5363528917 5.783373523 50 0.7853981633974483
5.62205214553 202.473481012 2.88882852766 80 0.7853981633974483
-127.71947112 16.8133025305 4.08579410145 50 0.7853981633974483
27.6932372599 126.825160032 2.46513496198 80 0.7853981633974483
45.2091446554 57.8316366053 4.7536637852 50 0.7853981633974483
252.365117003 255.810642628 1.15967423359 80 0.7853981633974483
23.7608392102 -93.5777821552 1.55549841142 80 0.7853981633974483
83.1522975289 225.357652341 0.924418925802 50 0.7853981633974483
249.688768236 6.22370135354 5.76228796641 80 0.7853981633974483
70.4615381163 96.7468833992 2.51485507481 50 0.7853981633974483
-18.0594645624 286.069505404 1.92118700714 80 0.7853981633974483
193.710146284 411.521183354 0.549731524328 50 0.7853981633974483
216.490081754 69.0918019274 1.86484754624 80 0.7853981633974483
125.215350349 492.585510714 4.05601609613 80 0.7853981633974483
-64.464451222 26.1023227281 3.72226237543 50 0.7853981633974483
58.2554306233 35.3663952835 5.42686661845 80 0.7853981633974483
78.5263405023 272.830224538 4.6325126973 50 0.7853981633974483
185.233259218 472.057345449 1.13340195012 80 0.7853981633974483
31.8373973932 17.2632462804 5.34291836728 80 0.7853981633974483
221.92786026 44.756815109 2.11481526909 50 0.7853981633974483
48.7812584271 445.805484359 6.07366683513 50 0.7853981633974483
201.0335947 24.7454569921 6.07789946889 80 0.7853981633974483
-3.27102852694 128.984055983 3.32987930469 80 0.7853981633974483
149.201003561 219.776476702 0.17562201701 80 0.7853981633974483
188.685982512 240.058220722 2.47409614896 80 0.7853981633974483
7.91751023107 166.716091438 4.10816970425 50 0.7853981633974483
