0 30 80 0.7853981633974483 500 500
207.410511729 90.3035453847 5.06870771
282.117008034 214.277582139 6.03909172252
253.839465397 225.799167379 3.28421730214
429.280259764 55.2119563987 4.92075353578
224.086188383 169.041689389 3.35750005746
282.763938005 345.937730547 4.00479236692
218.034132602 245.884530165 3.7960340328
230.865141799 403.455717171 2.1850595401
296.477990858 311.521279664 0.38475947271
216.798864174 211.934444455 5.70004358184
262.015200713 248.256495366 1.95751516322
160.839549813 186.746202941 2.31787441995
270.795943932 329.260868175 0.0280373557274
329.033041146 221.555890621 1.09445284375
209.091145089 280.603491211 1.84181083991
283.897625806 216.169321333 1.68361599849
149.172140756 327.412523154 3.64265950996
199.915859797 272.323196952 3.44898816149
199.815382072 237.275349993 5.69983485116
272.017845507 441.375423871 2.84572393955
421.350703622 339.360060097 5.20309926657
461.844837957 189.395652327 0.215291976917
211.015961681 192.044217557 2.10893855298
246.810981095 372.928957002 1.93113859519
305.730641529 249.369811187 1.78622795221
443.393845213 404.615898834 0.0541740222836
405.783733379 183.886055373 6.13273027982
229.720701082 351.089154537 4.59419803221
288.461829506 307.720469919 5.1893006844
233.963988451 277.533847216 3.77620788734
