0 50 80 0.7853981633974483 500 500
418.321570231 29.4347387412 6.1960965137
399.906628633 259.314536265 5.63831891833
209.093474462 43.647298603 3.91814755624
266.751983882 325.554852612 3.58837795258
157.713648159 210.982721151 5.01778758732
116.244451513 87.35666178 0.00413275524817
488.961501609 143.951197913 4.64262404332
270.705588943 302.513022515 1.96800297331
61.519889244 86.9292354504 2.97929757235
336.29540851 189.473279979 3.32018840015
377.082768256 166.872934065 6.27275423185
314.629382593 276.86319881 0.0601735348916
431.003460239 154.934016679 5.74892961655
229.078316113 269.697769745 0.3353635628
150.068520686 303.967119385 4.4271525562
161.515729608 415.830049371 2.92355893523
76.0626001562 212.993814987 4.66174987188
323.564800579 222.10113593 1.64884443203
290.487924532 199.974622227 2.86958746854
305.049642085 193.020372305 2.30146007478
308.786156009 332.153958879 1.82801914835
85.4776831306 234.526622818 3.55686849331
217.163839825 202.908270004 5.21859638131
194.332547274 207.76118883 4.04047452806
157.401716518 376.824408349 4.16492194708
223.050440167 222.051791155 5.26909161398
211.802280454 149.286169361 3.09236117878
315.839319201 15.478137329 1.84674748667
283.441631069 271.345385335 0.434086572875
308.015914691 161.181367082 3.87543912207
138.989917711 118.745233139 0.668774342269
250.749308044 283.268690777 3.11126651568
234.629422327 212.367172355 2.5834224406
135.358742348 297.389627995 4.62132803107
2.25977473829 148.787747019 2.82558536983
146.20540309 398.901670184 3.94480153011
369.676088974 272.750148362 0.760541460252
208.337009977 206.475649287 1.5704285781
8.00141818995 251.955642845 3.45356598238
274.490242532 138.089261609 4.96192720375
269.738147544 239.77576784 2.76665469424
44.5136036089 198.158707056 2.04031215357
380.796194143 283.354762342 5.45777021669
84.0870206301 165.37604076 6.24907256574
428.16630686 110.006502546 2.59267706624
177.05527429 247.92958831 5.53295871044
310.146363825 228.954761736 3.03295125875
248.661031122 341.396675304 3.12629425938
481.803738279 418.768213073 0.166390939244
182.412270746 315.707801817 4.49148975463
