0 80 80 0.7853981633974483 500 500
276.966433544 196.955351628 4.76878975838
112.298104015 95.9999341721 4.68578024058
263.026469408 268.176651653 2.54898673196
138.374728144 218.192899809 2.30487894266
314.288228771 168.443742025 5.31424717688
121.458328548 203.285993856 5.64373534571
181.197199744 454.761465914 2.05432908548
141.899937295 123.68660048 4.25340318431
434.45741993 290.135370029 3.76185500556
330.835627739 166.167441723 5.50657964524
100.681733727 157.750102248 0.184483990107
162.310897396 156.882028303 0.675862392062
405.772622016 238.030574315 4.36176744349
383.547491279 235.768931589 2.61464552818
399.033426834 31.3813444344 3.69516724289
167.373315119 168.127929916 2.01721409774
243.10212897 178.989407154 1.39654931875
344.597781856 129.142763163 2.14563289914
267.51516536 389.069649784 0.947207244153
288.032941492 165.414773657 1.22811566028
431.174176121 269.528020713 0.676391332614
297.218296008 189.094116794 1.28665016879
300.393076704 133.814060562 2.09415134048
250.172114863 323.519687647 2.97134015171
49.8009946644 199.768596844 1.30954511844
252.988271035 251.913905282 5.26338155243
263.109368051 159.490152783 0.799869966399
329.594354014 378.734295032 3.43069339722
270.451288025 352.931312937 2.51385649318
249.452332642 353.799879285 2.3796242918
54.9312407313 335.240753613 0.498455123814
350.50404653 145.905128946 5.98528705288
240.9215066 298.933957991 5.59085040179
338.139758579 168.062723313 3.12972821407
244.097016102 341.367110906 2.52393880991
271.857440302 328.169486724 1.29233093222
304.383058742 356.5425831 0.787421395296
250.477047433 313.168032473 3.69227015326
272.699919603 182.919081461 1.35803645713
369.886875958 255.516842128 0.25578887424
281.048344893 252.308684591 2.1792125215
198.168920096 107.729193946 2.84615338165
293.93537584 139.036055053 0.578779957736
161.264642391 435.32389236 0.721855471936
255.627403244 88.9765896497 5.10328681049
458.405227752 210.375981801 1.04562347645
269.941403204 322.615517202 5.09830850666
105.737431807 232.599511155 5.44736769653
138.545776727 392.528647136 0.890183444386
181.742115517 170.876143465 0.974021639376
285.912435196 345.125046013 1.7887474471
456.79208674 318.567318137 3.2366300591
346.701928491 136.830778584 4.26304028006
415.955117483 337.535417338 2.02361950675
356.192452345 144.25431385 1.24563921083
129.413552113 247.53695677 5.91670242951
280.036266804 144.537038927 4.24802442009
37.7174364562 320.969896421 2.71387956007
264.197904831 209.434680162 5.62000629133
326.946405668 411.772005037 3.00004496671
145.609335286 291.410205688 1.94935648075
208.869332664 282.535957147 0.210850250512
165.866081941 114.703370958 5.88411458904
212.16580702 295.370298618 3.48493214648
400.062058882 291.321898652 4.92415291246
258.306124467 406.148133277 3.43739181691
252.988886916 345.376852774 2.0292064248
395.153902435 156.795556833 6.21228739342
386.986792466 341.878596331 4.2976295748
292.615475833 180.348426071 2.76652185188
298.665301871 359.254660222 5.85556712296
120.198731104 236.615860317 4.09757877886
146.965296984 160.019227587 3.85417012521
234.990568953 350.763393384 0.498877457482
194.762360089 256.601871882 5.17399784768
187.493958123 311.750158477 1.8831993886
364.680554458 309.61399233 1.42182254859
175.031123286 353.631861989 4.72690429918
269.109556135 101.507626787 5.42329030311
156.123326567 367.795698469 0.518484852846
