0 60 80 0.7853981633974483 500 500
214.870009829 412.029621372 1.51880994556
309.214511389 316.137330498 5.19098642028
239.796301056 124.707438624 4.32033560734
144.664965334 153.470561348 1.536088714
388.859119007 242.924698234 3.97650770546
292.372473177 345.62971982 3.64231770655
157.591091845 195.052725329 4.42939747795
244.948974366 251.92474853 2.32836690117
360.86591304 173.902038511 5.05529077001
371.267719775 194.637679298 0.487429353304
190.714388328 262.093404106 2.48760766938
334.561249403 5.52018305848 2.01855256592
150.221879293 214.807016399 3.18041975923
18.4230540464 50.0055083563 3.82464898012
324.879332215 396.511463205 6.24754378962
227.603663316 157.225347271 5.26262826703
352.670674302 408.871173934 0.709457957519
344.910908303 223.290872632 1.8583764706
398.271292661 38.8095954059 4.54248331801
222.583938064 253.400590306 4.02522674487
268.528405332 266.387132648 3.53414227588
396.002282766 397.226981711 0.839553709326
106.396745325 289.12930967 3.34451488238
227.286079088 267.868881794 0.612823301321
303.106995281 434.193675437 3.00073130861
240.921844912 38.9385890629 6.12418407406
139.543960009 184.875635577 1.74477648562
416.795426862 240.431487232 0.661612344357
366.315599586 141.701463674 2.17006736042
249.476287147 380.823611506 2.62378898637
367.674875586 222.681753257 2.98340604962
229.371107391 297.175349365 3.16320838883
326.982354399 258.3347085 0.0826084203873
280.480415171 231.81518761 4.35041240877
175.522793377 304.842854109 3.36194071561
181.765510358 289.850678986 5.8287981706
269.573666474 377.581653547 4.01295832115
373.681849432 272.54735439 2.16603415071
253.839498612 277.184055116 5.8097300711
53.5581490285 204.591701149 0.0578733253311
97.7648929159 318.979493767 2.52818169614
269.20912194 392.95531843 4.53881848655
417.871051124 200.688841208 1.1260402176
206.443804248 159.074204445 6.12849090509
333.679898926 139.010315876 1.36752042395
148.367456049 128.261723176 4.66543684344
199.050841359 341.433744897 1.90237844212
275.562998255 56.9396536454 6.12377193486
315.878433095 229.61746347 5.57851223743
329.484279636 292.648689962 5.81663664531
139.433294826 148.49958193 0.397492646187
457.728615161 259.08101769 4.7291163856
376.926722409 106.703161074 5.4899982388
270.684111009 232.232919607 4.272969324
133.136574597 314.25131537 4.55534703323
302.348794961 175.589580035 3.12589347354
193.661802767 263.70112734 4.77758010144
355.872806536 448.124746502 1.38921233775
309.906434832 226.237149211 4.33760814048
409.358117676 294.671509275 3.3671296722
