0 50 80 0.7853981633974483 500 500
63.5583258978 230.319619655 0.0754176140373
181.807842721 264.980672411 1.79511592095
300.784236655 379.323546678 2.45033652187
148.140128043 234.385165166 5.85121308697
277.51425778 250.528201481 3.10334942521
122.792518543 144.289069391 2.67563986649
214.984729789 212.661650025 3.50883282618
235.641472209 255.569255389 5.27849544989
43.6770745269 278.448639603 0.0985693194009
335.111755792 218.748402662 0.278123129084
269.79250884 340.123678461 2.95109004504
290.550398741 342.590759019 4.39879825932
299.559820451 336.568225995 4.34055526131
328.009223921 160.585089344 0.415626572699
371.052055331 362.996564979 0.0340536936885
127.358093615 214.503642107 4.42627887947
372.970640781 307.124406046 2.64374098136
370.32657846 167.92481591 3.81688804469
329.199451205 71.7831418262 5.3182109953
332.0109682 119.180495358 2.08413488772
274.528065323 208.260779377 5.71041622686
253.056929549 120.947910976 1.04285095213
245.993236601 235.862219366 3.49174467712
245.307084671 281.88455484 1.53218142297
175.031075982 247.037707873 0.597013541468
328.516704175 399.462911501 3.44750428936
152.276348097 384.067059943 5.65659139416
162.253128868 335.809872961 1.56478601632
247.526527862 383.374280403 5.07835770977
384.594576852 116.209005577 0.808260369437
319.297636597 250.908805278 4.11904349129
253.067004198 150.267273379 5.22973672106
152.256265921 152.49834975 6.28005704015
436.951425132 253.015223048 3.59942498871
290.561363247 309.086423012 0.501546225388
131.97584821 281.853394682 4.54108413493
308.243963675 351.208567201 5.27401838607
296.700479794 225.369689067 4.07209447209
214.087135901 333.526690301 4.77542406966
245.982386105 201.672445315 4.75520392699
266.729197087 257.634014138 3.68153094181
120.625528214 308.851834611 1.0188252933
399.617642146 190.725529491 3.73752586367
189.721029414 291.225178332 3.93018750123
214.337732054 277.94085409 3.90419468577
135.943455983 298.062134458 5.06827444866
408.786585253 158.858525669 1.67602914802
89.7810910991 221.080838336 5.65623501373
455.964170178 167.619985919 3.6222553503
200.717375829 68.1349320522 2.56804330959
