0 90 80 0.7853981633974483 500 500
184.378154138 291.823111971 2.6547623331
315.545643615 233.583413158 3.48637098299
305.070860043 117.493393149 1.89507954256
168.369384622 311.744898208 4.62667530894
348.760289342 318.254590005 3.94733384742
156.153302289 121.297324743 4.58161896126
206.842006984 403.756483206 3.37146815132
366.345280614 226.206311739 2.81330547467
330.998140939 192.366037227 1.7244780315
272.597294583 194.229952112 4.20604047053
11.3209617854 93.3135645881 0.488614284314
190.71202858 241.835296491 1.39618932812
109.259119465 326.161406963 5.75359322219
253.24194621 264.021900771 0.648442764431
213.412693335 198.622493212 2.24822530396
141.903551355 311.526530075 6.24690891803
466.107188531 372.015741291 6.25526263036
242.513725097 328.878890564 2.56526904305
0.539538455334 150.466015121 1.54549395568
121.522770949 91.8954449541 3.68887367803
243.533489306 354.980416115 6.23995492732
344.855365969 365.101939103 0.548269694892
153.381077518 199.439323383 4.25814052175
406.268417575 119.26273752 4.19941547841
287.50741739 157.056737447 6.03147872333
328.656876996 105.178175305 1.12318947837
239.803531808 318.930945022 4.94385465089
329.509070381 371.436442501 5.60194175684
312.166153138 233.752677505 4.19963886078
289.728825973 346.555857809 1.11828204725
182.429069305 179.63374548 1.25078399409
71.9514844434 24.4581400641 3.22804959978
289.410544637 206.199032829 5.12348109714
60.4072234526 381.337282835 0.473903598118
125.111791958 217.811895604 0.600055545918
194.621850827 315.999263953 3.09626539186
181.093028542 489.846865851 2.21232958405
286.381302745 140.104480119 1.13664081221
253.444898176 266.91352961 6.27270984164
269.19598445 291.734619826 3.5121168755
453.262431934 235.313307027 0.24148586769
348.884889321 329.489975452 1.8510073317
316.233442636 273.917719412 2.29114258855
330.962224434 215.455056039 4.39885748367
147.28635243 282.459975542 5.73247208496
158.960689007 296.195333075 2.30945096671
305.643903766 383.293207606 2.07952243996
352.346327819 146.439838467 0.518456530668
273.821476732 143.513958691 4.88003912444
212.481919869 347.186768956 4.0330898516
244.502495084 235.103582178 0.224908578542
170.231333395 271.764511064 2.01385750536
278.593351294 215.065343433 5.69057230716
238.649595497 342.280802113 4.15671012708
270.423415911 166.249661242 4.43839620466
371.391849399 267.479905904 3.69217007487
179.436001734 122.717342865 5.48408218994
133.513879789 279.222649841 0.825571235967
362.930395606 299.347958896 1.4482866203
234.600171417 279.671895185 4.95351008883
374.568973299 235.54499562 1.92877058513
276.675260703 208.108954516 5.05873333091
212.611476401 104.638214836 1.34128999095
306.075667159 288.606117651 5.42602429962
249.568170047 283.197905134 3.43607296355
292.152488239 105.772117888 0.257499686652
51.5793444806 379.112246882 0.3628667299
396.372731387 87.6325893339 4.75528929194
171.961604599 265.803338497 0.176740567108
56.1227883493 249.54420391 2.7209999459
131.536130949 354.245792546 2.63729774006
403.484670602 236.532398093 4.61716009775
94.0993529059 210.341135598 0.340663216036
222.062395093 30.077408036 1.82059590306
288.753953548 115.090388488 5.93292635816
286.88242305 274.686635434 3.16841517513
347.172857768 365.059552152 4.97660407963
268.891730508 285.47697667 5.74078486007
121.944335442 394.180158659 1.73488582147
179.736998564 361.958593486 2.69293108085
227.136869324 348.416585748 5.94071653184
250.023322823 209.269505505 5.08491407967
211.207054303 244.868269907 4.15588023887
287.553290932 328.516400954 2.97158496094
282.812310687 188.86244355 5.39361326603
318.368495807 261.635949836 3.05777381102
272.232656406 240.548501962 4.90737693829
379.606642567 396.999533625 3.77449247794
310.080276057 57.4292539364 5.76174969229
211.613254971 255.933820046 5.93182840267
