0 100 80 0.7853981633974483 500 500
315.953344671 154.414429435 5.85506890003
300.671407907 424.17901951 1.33834018889
200.409268634 257.488836701 1.2774074348
307.338684181 256.304824179 2.11118212144
257.519797314 356.16693501 5.08329486598
272.811023006 257.371103226 6.09864783754
312.118457 231.891948748 6.02215191584
201.169723606 189.369824517 3.19156144492
220.15310167 290.948253866 2.14822205055
216.402218471 253.708575684 4.96368269864
91.1863549836 439.503593881 4.36181959006
135.954109851 342.421052657 5.02158449579
293.830084561 163.994028629 2.60010484701
339.676795707 250.897879458 3.49050438323
431.877571124 67.5972490344 3.64548235634
278.984292539 223.491674727 1.66319895417
327.07422441 157.659543733 2.35276095494
191.361885315 115.366563784 0.196503019317
443.012152305 262.648467081 0.239613449155
286.887083858 298.090270822 0.569331965038
281.818574695 160.548491589 5.59018159634
248.05129962 286.981982008 0.210699249385
121.795297619 178.522710569 5.73737198594
179.465744073 331.974747146 1.40072780962
89.4523664829 276.412963209 3.11841123341
199.83046211 119.015244526 3.43388923607
291.70759515 391.9701523 4.0928857288
173.212505867 330.595673428 2.02723466713
384.240562428 111.408421973 2.40541788071
254.109420772 323.038616695 1.39296101915
267.395980139 246.304264371 4.33238270359
332.498870198 217.791975444 4.97143377422
173.180279544 251.603598045 5.60388383011
392.319054192 368.282445895 2.99621581486
177.369061361 285.387070851 4.22704787867
75.4661142015 462.59091155 6.03900125919
206.264200354 233.904382216 1.09152437874
176.585770746 461.647236806 4.89473681628
316.671425327 370.676125278 4.63479897585
429.160075091 132.877263144 5.43068263504
361.788498016 356.360191309 3.53568098312
193.430797099 176.496961739 3.57691330243
95.7931954884 248.976107492 5.10837726671
208.986062617 335.942859406 4.90869895123
156.043642379 334.490292256 0.841837671925
398.582625607 120.533008293 4.64369949763
168.434864391 24.1513045787 5.14288585413
135.229029024 304.681567695 3.99514033902
187.026499938 215.263644607 4.47374746911
276.859043154 219.895423907 4.53169305999
357.664396183 277.89395951 2.85982726436
313.153297409 303.799587575 3.96889258272
10.0403927843 172.45173477 1.12397542567
242.105709801 230.681811401 2.93652066153
285.280369068 267.081419199 6.11315138913
393.64969288 328.077718916 5.06569979828
210.057445957 314.446445931 1.33110303681
453.248803036 354.008172685 0.129648313529
181.798050331 28.6051798452 3.35246633172
323.375418668 170.023957103 1.56128555195
118.242838315 143.127881305 3.85739099036
91.5988751317 266.548388198 3.03481132619
349.40124477 359.245407725 1.88663313579
286.015251906 289.583775425 2.79981798426
75.547539845 432.906619739 3.80302391093
323.370755586 71.5005600248 1.1970271243
280.490899991 141.492375273 3.05389137555
191.467213508 398.363373751 1.7788250612
411.416875634 280.723028209 3.11226464978
123.100114261 169.00843073 2.84573531109
276.527284542 148.359518456 3.7057478025
483.777148446 269.690427439 0.869311383553
381.663521765 396.376439835 4.55474411019
195.954095849 119.251074122 5.69263283738
255.231069425 328.456029372 5.88323075295
423.924694166 162.463336433 5.51040891716
177.340195938 163.469637232 4.30316018198
278.098127965 314.654596016 1.29285021928
126.884034023 397.343252228 5.68590661453
343.631010816 241.056604453 2.49340249814
211.982690373 396.959153831 0.281639705457
281.62808334 265.267522832 5.02273241773
182.11319626 306.280349151 2.66176078665
431.980318478 75.6382169498 3.06323611874
425.990372456 152.99611733 2.52447215188
294.139531938 289.160054451 6.16386617919
196.259060022 347.182460561 3.63704636968
306.143132653 209.795207333 4.44746294896
403.807705167 287.905802194 5.28818705511
171.073206395 193.896067938 2.16544619114
257.447998722 6.76377644133 5.34297589233
251.298814057 359.38548097 5.98076273478
129.86741719 348.271419945 3.66610389341
264.070150585 126.450392979 1.9317586687
304.249932468 223.951267322 0.0359848030869
215.853767128 413.761009456 0.0912079028966
282.198147951 306.827761857 2.28303614593
193.637520717 264.891383147 4.80634317699
105.592386095 333.631691021 4.77435300637
330.579702289 241.466344834 1.6026070778
