0 30 80 0.7853981633974483 500 500
360.520762409 206.66785553 0.473154050496
369.015394283 183.329805009 0.289206663023
354.326647043 228.016192166 2.35874188453
140.339266231 260.545269997 4.24231445174
202.986859173 195.279321432 4.49608873811
194.022136101 308.0404772 5.67319018208
263.383523455 135.552296889 5.56696503132
333.585359478 276.355526676 4.34122201409
123.168450317 432.12037417 0.58955742023
149.363064688 484.263951913 6.14179352356
300.047467468 333.05461159 2.87686631346
271.645273629 240.790358041 2.02530130789
197.815961284 266.571963807 0.514922121981
161.395249466 339.349090941 2.99301537727
273.781294719 259.010833493 3.2330364856
267.436164606 171.744456469 6.08927462944
78.6651608058 76.8162386837 5.95708004403
220.343094446 186.025035583 3.34768898075
323.822527221 238.368689084 4.28424449895
60.091299007 303.295185413 1.15550354876
312.576906489 389.608488185 1.92638909181
296.696692578 212.686475616 2.2825730138
159.939906895 148.323183708 3.50324036786
356.600645524 149.743814308 5.54222332886
336.055649618 241.155354185 0.780527171531
295.397532729 213.733625346 1.89521848705
308.521637015 213.091695522 3.21620829055
253.511672222 287.042822248 4.10574888753
227.724499414 231.279346457 3.56619336384
231.475831554 314.625041667 4.79627681953
