0 50 80 0.7853981633974483 500 500
178.898332518 479.919715565 2.5388828688
329.299501226 15.8502233401 4.50493584524
219.778559446 340.114397399 2.65221697496
397.35232569 296.037486099 5.65277369281
275.016414105 286.910642521 0.931116666395
340.129206625 199.842210184 0.442096516125
234.072369183 256.090503238 2.41103264702
323.124116219 232.762814667 1.16057491544
140.712043203 117.05504435 4.17695615542
116.665458062 252.007828748 2.48556867569
248.700778953 473.469595184 5.8784123146
391.30617979 233.066448279 2.49457261615
42.3339509831 287.707503206 5.1092362442
150.377774647 256.166759182 2.07017827528
444.710642817 214.124225748 4.54327633934
273.447223797 221.113941078 5.42317369127
174.552236135 396.494309508 3.02163141986
429.945541909 173.615041997 3.61697551014
299.157204377 230.908059587 4.31446222064
256.820270353 325.86034992 0.27093263264
50.4462337003 202.990260711 4.4573669587
230.246028174 165.195566178 0.873740878178
293.878235931 288.589250505 1.35635059866
294.986021383 148.078523006 2.29042412595
368.310786749 363.223877477 4.04564635436
71.0552970756 31.3233652381 5.24009249261
333.46033537 203.88674069 5.79456604717
371.379964997 164.585614203 4.66656528318
231.771961617 180.694991886 1.87911492021
301.727975876 255.466101686 4.74122791822
253.807950171 284.774239419 4.9699731982
328.436605903 417.027336229 0.654924184252
163.6337442 20.359508981 4.33710401244
225.634232491 412.218144054 6.27960974176
282.333571889 251.781349574 4.96129050298
145.941180869 110.652819388 2.89638437359
425.396799104 204.50283274 1.33049505896
185.154045012 200.846199922 6.12002015351
259.437893383 9.75787638396 0.0277080016602
353.854001929 228.224660659 2.1473035776
161.611557639 345.490141582 6.18964303303
287.288756838 265.784518558 2.61721706404
373.482925977 312.871788665 1.25878007122
390.077661067 258.489053669 3.99688265978
379.076564528 278.766587064 0.733534993051
294.09214716 118.459911544 5.36869442826
181.115476225 347.014225236 5.71412186542
180.727187359 210.724558645 3.37641662517
361.301012828 330.371564759 0.456352827741
116.312797923 316.078784684 3.22284951479
