0 80 80 0.7853981633974483 500 500
211.239061084 164.538777539 2.40410627749
363.867655332 178.773135306 0.593553879026
475.573314407 174.411517129 5.93885955162
498.906134154 302.796330788 3.50742047969
128.700088942 144.399677994 0.216985220787
365.911458213 93.115518052 0.644602922395
365.378502798 371.814235983 2.9791124714
155.23239357 325.837075641 2.47936737758
228.840276335 113.442738014 2.41800673329
288.562226763 315.197848249 5.87632290777
22.8554714173 296.648746793 3.23741433017
102.428895367 289.28030616 0.628162764207
41.1742097994 266.232068113 6.18206524718
212.873901704 255.197459692 5.42490626996
151.703099387 169.020553742 1.42300283115
146.985589727 117.960317121 0.31558043774
280.276802257 47.7471211741 3.13224711543
318.332834455 229.312727383 2.61101779027
239.849467712 364.347687461 5.14087292126
353.491132896 418.625368272 5.00038907461
217.69045639 362.713091167 1.34634609046
174.544519467 260.861010358 2.74491624252
9.38509140213 360.457350945 5.50922567969
252.579440571 438.35629867 2.2911839852
333.274598216 247.33399591 2.01574087907
370.405007863 228.105105547 2.94808045752
311.604432967 353.763479282 2.26477245669
311.679992145 184.519647135 5.22398474153
86.6591357634 182.487419064 2.8563497365
330.873865045 229.573650724 1.17424892255
212.261432445 164.975410734 3.8077280612
231.270359307 167.633117503 5.22410863704
180.545909107 54.4291849823 4.87115373561
394.194084761 240.95103674 1.93908482509
239.648584561 236.858631562 3.7855568685
224.886588362 267.980228269 5.18435836019
284.124361428 169.351888865 4.697621064
234.667119235 338.398139755 3.0259796105
173.608463955 417.047665149 4.74740405773
310.926730189 77.9847974572 2.99092505706
253.20220246 273.743465644 0.0222063251076
11.2582453308 492.478441451 3.56407519215
282.149318844 303.508496797 0.841295787724
194.260545038 161.133044791 1.56399734251
149.156257095 180.193624747 0.692165885335
287.588005779 345.097615341 4.70093631433
187.374237774 170.939651424 3.58086667321
357.053605224 353.073711095 1.29116028953
239.140277912 287.085869382 2.59443502004
178.936924089 321.534617998 0.317949462827
322.880228267 218.595682945 0.904232547485
336.656263348 277.055449956 6.18812389195
336.286516616 361.977734585 6.19868987636
404.773057954 165.806571301 3.48935271092
307.445934401 205.715978528 5.81872395689
263.575867486 1.97507931182 2.1067074868
169.259924426 117.126513649 4.1395077066
204.48368526 240.621605248 1.32000419472
226.797556059 192.424765191 0.0769048392471
353.461932401 182.803910034 5.11587428845
152.336304485 374.095971496 1.78491770657
41.699579867 265.171775729 1.24298040833
129.612206219 274.143613213 4.18004816797
207.065599946 262.14601244 5.04036178938
251.090089071 128.232803938 5.91223937226
208.70344774 387.120044344 3.44970774394
205.998373289 420.097741971 4.40098334948
231.232560347 146.63937942 1.53049469124
191.465465497 125.248481948 3.1829493522
189.237955104 187.836952077 1.49860249665
196.047405225 165.389690927 3.34377203606
341.380119298 195.914147376 0.887647185395
309.943754891 208.470533295 4.26864674689
214.913527057 257.496953314 0.480839306897
327.941285848 13.6750133361 1.32920419542
90.7787434575 82.4386129182 4.01572815317
280.636072171 112.712985145 0.867203557228
271.662979623 141.922829233 2.69175216409
403.246973846 154.35927112 3.65989945513
286.123129363 267.890406871 1.27440371579
