0 40 80 0.7853981633974483 500 500
119.598478273 191.320884917 2.17536330169
272.082505957 273.425341287 5.08741257065
371.146644106 315.930324247 4.59655759605
234.143726899 236.021424272 2.71451004809
196.929761139 191.884889875 2.22779259321
187.565308317 344.94245311 1.49640728989
170.186186353 220.504923594 2.40606921219
238.512849702 333.492970972 3.29174428999
351.401499469 180.722930746 3.57145366066
161.508509883 191.128409842 4.96023167881
209.360867429 215.864615905 5.17529118093
150.17018454 247.77581156 2.77700113285
225.429912002 83.4887212953 2.99992491997
282.574805297 235.895489043 3.41851741542
169.657206112 96.5947058235 2.35561731929
194.054186451 309.67911402 2.41616527938
137.624476174 207.774462969 4.96399296566
328.09064861 237.936571929 1.73695203
225.691918193 212.741490835 0.756954942352
381.270580823 373.495999486 0.481824555788
403.662282355 168.00591315 5.68448190865
380.823870312 168.104910987 5.1089989654
362.400411291 191.287099292 3.29879332754
317.402807872 204.560654691 3.82619908626
441.661334075 218.783552805 3.52992256585
352.853381174 366.317657657 0.036727919555
268.735895025 289.38752091 4.61075422773
259.57159866 169.638035877 3.24584617733
97.1740071398 312.381210471 2.89484694111
273.012002029 94.1479589465 5.42818962232
425.355944006 316.371959708 0.415267471333
263.45284754 209.814479327 3.40331899992
97.4797551524 139.720786773 1.70232709863
244.725897242 204.824050986 2.11156387588
238.99190154 343.230758731 0.0390399688691
275.057784774 162.563053019 2.60837635207
235.078246278 273.329492173 1.38847768255
159.810355535 337.35162776 5.21538443433
216.819507227 420.387351542 1.15156250617
137.792568749 283.176845916 3.09536567242
