0 80 80 0.7853981633974483 500 500
262.795058632 95.1931993085 4.39908764662
325.246146208 330.61373022 5.20226976754
214.964883242 387.558246633 4.18672739233
289.370516461 100.570780446 4.34485646236
309.948862649 238.020318899 0.955306637867
211.471309098 47.4589675948 5.23397161698
283.959259152 223.809647301 4.18372252088
239.823233499 49.6354875753 4.97801427133
208.339446273 184.738895244 2.65611390894
328.886945078 275.571799494 3.10518750786
346.449788775 252.390105615 2.96956955844
289.184367425 299.888415992 4.10500961175
219.614908529 97.1058282193 1.23947329423
358.096263254 216.373192002 6.03025481601
194.739018138 240.813998856 2.42790133666
235.570386783 313.16246601 3.13806437195
234.042185237 254.557370542 5.77397975059
443.226242454 317.571649259 0.167276221644
207.112744658 329.078053909 3.92991965958
368.109615304 230.52532779 5.88893779949
322.945713445 333.21368827 4.29147139948
289.225061659 120.322061634 5.49489150932
300.926233352 351.449002276 3.89214230932
276.833808023 137.312550471 6.16215306096
293.228945977 276.842845484 0.775378868846
181.114283301 171.585323642 2.08850897883
250.994059693 248.415089406 4.8597417186
233.127671687 312.689013812 4.60788362178
372.705590817 261.952361892 5.47707435132
365.672798656 289.746426215 5.71609821751
226.603885347 285.887518411 4.95721766663
254.11606757 169.444259934 3.41830112692
295.253779342 268.352812717 5.03400925094
400.101370499 384.765294207 1.06240853206
372.301537925 179.646925436 3.39061730976
291.744341343 409.903679479 3.14119135498
232.742038504 317.184632178 3.79726845692
267.914559061 311.724559443 0.962518294779
317.595781772 434.123586848 1.73764569896
258.994851715 192.232968165 3.04616644737
11.6744405827 218.444566476 2.79145458192
220.809083889 270.825840989 3.70245599537
170.395265419 299.258901907 3.51900409984
293.082500646 235.431684829 4.21793409576
286.537525294 353.890245284 4.86189648546
1.28353569964 329.196392984 4.64145857754
303.761185431 273.198363358 6.13263597933
111.115322133 279.082841689 5.17578177152
178.956797726 128.92232051 5.35702194586
349.979461635 234.554003915 5.46484296647
340.994640048 203.701741969 5.38815990256
354.176168079 179.363526838 2.48394954061
178.863898523 299.79892221 3.68103179729
349.265344734 157.28250534 5.01904993728
482.76716184 415.905650962 3.34700405288
442.558899396 163.899866314 1.48483661308
163.642006422 201.170661807 3.71285468718
77.6357336016 247.079017927 2.86532121872
104.446483865 191.647449836 2.67302889718
320.323627582 285.975994022 1.21212688138
223.047871285 193.710267009 6.23780158072
286.384017706 349.317729351 1.16936759073
291.814108062 395.84035028 3.15288632822
83.3774609503 312.70576494 0.582690246949
427.879530539 280.830355825 1.01945533893
134.785046286 203.698932089 4.81634931174
169.930673463 314.168092195 3.2785317093
204.800744978 302.254906382 0.52133070338
142.735772255 383.358021124 4.50119715708
339.441877409 307.021308093 0.502084588547
364.821728234 351.183149971 5.87057824889
221.19181934 440.944730756 1.18052290191
142.088109804 204.285195086 4.89455684738
89.0056932732 95.0087855653 4.44743493034
84.8721564081 339.666245764 3.11568250577
215.507913588 199.974668295 4.56635542868
212.611240395 376.932474242 5.92681672254
415.276022479 331.12111877 3.93657440196
329.731338113 137.138818462 5.88497705429
367.612352455 183.622384381 5.34684681649
