0 40 80 0.7853981633974483 500 500
193.857974572 415.558323842 1.81883187471
267.838052004 252.158082631 4.82000974195
317.229341318 181.02658858 5.74295663141
232.721069905 164.588781011 0.25539049963
314.502748218 164.724657768 1.97893067327
80.415535091 294.953173895 4.08115374071
371.695015618 391.302689731 3.64902058205
140.967676799 378.233391404 4.78342087853
208.167323452 360.604708826 4.47892278398
320.517353607 251.911237752 0.924934834199
209.180646019 103.127862549 3.52534756893
77.9740914494 157.626962481 3.30272952613
204.018695533 295.743212384 5.45677998437
345.284733389 239.680391335 5.55555407638
185.429060411 306.753073099 1.20770292604
180.606530373 281.406427515 4.41810080469
164.606128784 170.293499912 6.28019461798
298.577313985 220.081983853 0.909554678779
64.6532942763 361.334514511 5.05369387421
128.989413165 270.297270942 5.91393831522
368.971078965 279.583546875 2.97636089157
257.695715816 269.106786942 0.594607740435
175.564420609 257.542686789 5.03629275489
354.007267204 152.183505417 2.08282857396
199.98767973 243.979369293 0.250684704828
182.713666272 100.906090185 5.29386433421
238.878551185 269.786496447 2.72350962166
282.411082309 196.096216486 0.107834673198
330.400223503 341.484148312 6.1301118393
241.580955772 324.006365072 2.92245016866
170.527159939 357.782344245 3.51684518396
176.789890374 315.883206654 5.84706382114
203.529250772 192.934276358 3.05223841591
141.591709392 375.946007187 1.33824841508
306.615767416 130.170034281 4.35437387923
350.231306339 268.620141745 5.99365304991
61.2854524441 141.102539514 6.18177738809
199.410013795 330.333199168 5.91272781864
269.999633584 262.016842026 4.57625187609
95.0116347896 488.550393498 3.96246291185
