0 70 80 0.7853981633974483 500 500
144.939900998 307.611795508 0.869960755227
172.046000605 253.001653057 1.94579824695
363.065620825 399.637388848 1.46357521323
453.610385438 263.697164103 3.66780499405
255.888611938 235.014427032 6.0788672406
374.114567615 228.578146188 2.80881054762
78.8613770962 161.516363336 5.47114493103
233.120874432 246.115224699 0.597596549371
446.2274673 445.495926029 5.75871167373
139.583563461 209.867440075 1.18836134872
72.7209919742 256.61013884 5.29853724681
358.257256552 218.787002187 3.94654582081
360.748909179 192.58726018 3.42476475396
275.968613186 157.594577706 0.628259198742
279.710290358 117.374981343 1.90941275927
69.7607378474 393.221495565 6.0774568747
53.3712553305 129.021245995 5.03318903221
163.887515224 281.217862247 5.40101793884
214.211446242 326.828686364 3.38052147402
86.3971310866 350.254017111 0.686978262314
467.130767138 241.973084917 2.91020689729
205.440646827 198.755308089 5.9062934652
362.457674654 54.477881353 6.05540497448
220.300880513 38.2538324641 1.06608951992
313.082253828 304.667412637 2.8383209628
294.594698139 292.458492533 4.10240459185
352.458839571 113.244730073 6.1698469226
270.381100466 246.84861706 0.0486012056105
211.005185621 300.267117401 2.85109115899
240.503611202 361.366896506 3.90629996994
94.7970511479 208.294374913 1.75527094313
128.742881651 343.211319612 4.35516585965
352.184756171 16.1741817423 5.08394108648
369.775434083 244.88339299 3.58762986999
462.457488307 332.914631593 2.03231777438
248.149317778 163.458963169 2.91644004047
288.862580048 129.430829993 0.304677974663
185.793908952 178.887012704 5.7630283327
206.73186014 263.788163019 4.69108564746
315.777582044 350.675947821 5.18249682138
215.650302233 214.308105954 4.45065548856
76.4121265717 238.525828844 2.81975076602
278.387575103 276.974766157 1.66386179727
287.246658549 139.827848967 5.6937232876
284.584227801 341.036561895 4.26448458608
218.895468408 396.536698724 6.19945953911
169.693520778 276.207821784 2.88106811717
264.957969877 108.845629042 6.27404417902
156.929941487 188.694722891 6.02430288877
414.856456653 302.587690694 5.77092440568
157.877726909 188.223500503 2.67463327296
232.565829949 183.374157631 4.83692912438
202.760788221 301.096626394 0.164312188028
182.78986519 293.879479806 0.540088999739
357.057872688 247.124502885 0.285386054174
363.352256722 257.933771598 6.26735158016
292.792365911 105.96924648 4.5657201554
386.923937254 120.891019941 6.24963189489
369.929589485 198.271224614 5.5804297757
320.02750508 331.465544014 2.99955993056
241.652375448 169.958426733 4.83491254449
311.008240211 329.482140913 5.98266081311
332.090732607 246.970738221 3.85940031957
257.362346403 250.217199107 5.66034747124
190.7179099 298.590267748 1.39893454133
336.015641081 296.316639777 1.1353489285
274.697625126 243.071303068 3.64616923627
61.2123571813 164.669377009 2.52337522419
71.3227329453 271.206335609 1.81894292943
347.481600201 180.256844279 6.02376762514
