0 70 80 0.7853981633974483 500 500
223.90016342 411.45376472 4.08393322247
360.095072732 111.762793319 4.75122932807
317.924895363 122.046174021 1.21946626322
27.8902810774 268.224901923 1.37560612148
276.807081101 324.465419453 5.09418143359
335.86544724 62.3089323961 4.32954121492
225.30527568 169.916121976 1.80682635467
244.339809723 149.029553879 3.86080909751
285.36628583 149.757525012 5.53975674647
212.985013495 250.837666485 3.40458003767
248.668292263 368.315512309 5.22255414002
262.347161959 200.267727146 4.66104202846
311.007329797 330.280651075 4.44932687335
288.092924916 280.775773646 5.36181925855
274.505930839 116.127415547 6.17032180967
194.667771919 281.00800209 3.78998845362
280.858508816 241.562051309 1.84100771459
313.834723168 274.262209425 5.89141358134
346.797735025 157.853765627 1.49060672431
320.044805291 237.703775513 4.16520980227
365.127321105 218.94284037 1.41579187059
357.304586323 343.542873862 0.985940420543
107.83927187 38.7739729754 3.43261198836
226.256240358 312.09874152 0.528121253921
323.502825855 411.191358212 4.49633413739
207.379012908 301.398787564 1.66657869824
201.117691713 160.312545541 5.16268575972
174.883022948 246.92811531 0.125413356639
176.471055518 164.286802056 5.78846332566
293.533640225 112.064693011 5.2877104503
168.111749825 242.674479838 5.6074891737
251.7959822 237.717115879 3.73172488036
58.2172490493 210.147592619 5.8109596015
299.851169712 254.169799606 1.28794775573
65.9290582879 19.4642517292 0.386799154476
115.846830131 278.267469642 4.56285010161
279.823537502 285.885575133 4.13821703728
189.808726284 158.219638934 1.22038456296
268.161937364 317.082939426 3.57867947325
254.848265292 297.674829001 3.60095930072
259.63498461 217.85275347 2.0964962027
293.161144309 270.788994541 2.53307002625
279.201293082 427.684637687 0.815990522482
268.293066984 251.184208405 1.09155820866
284.897718536 309.137521458 0.0762072184942
128.491469037 78.6212277938 6.17960082798
196.50002578 247.168024595 3.15585281303
246.750814864 439.16758168 0.977626663739
362.930691037 221.923874798 2.26200471185
255.462156234 192.105039778 3.06591929669
254.22870018 328.815424141 0.335814384558
341.493095303 176.656896423 0.257167601722
221.041608279 287.338242595 5.71881394969
256.711153123 477.75267781 1.01453979778
153.219373434 259.782056432 2.99043190622
280.255297937 198.191841472 4.55386048384
186.430136492 160.438199448 2.84277529843
480.180920414 302.029494063 0.929644794982
271.622276264 140.896024352 2.543314476
402.689990213 235.117587429 5.80900527208
219.04581501 237.259899247 2.55245354497
155.637680504 173.012327336 3.1331789636
261.508671166 427.909468705 5.02255668794
238.950638123 213.711918418 2.98983381348
310.000413081 376.96438138 2.53320500795
286.943325424 203.134930612 0.679400054119
136.471112401 349.737207533 1.78670253321
241.802064014 279.967660185 3.27659539445
264.617040299 455.278965357 5.14765623574
182.07995951 198.931130052 4.64737747451
