0 100 80 0.7853981633974483 500 500
101.698762713 286.215591704 0.311449158137
340.680767947 339.292876692 3.13270694009
333.93796855 210.660288466 6.02529167596
77.1912248617 381.393644234 6.17878012567
299.687306644 219.457255278 4.83598657968
257.277096942 181.489949789 4.30938515993
231.873979549 234.776856735 3.9788961802
155.013689514 279.944171967 0.449771441705
254.518825048 291.527776331 2.89818372046
227.465903378 320.502575755 3.0486177692
404.956784121 304.847796761 2.19623236531
229.439011996 327.890009625 4.02730710726
154.889668681 155.191929419 2.40132422499
140.571286703 134.828237658 3.70041975357
383.667720688 288.519189915 0.188297581221
218.918220345 290.292459897 5.85421045765
443.27313986 275.788878242 5.13965580161
326.313138006 193.738841062 5.45288805824
265.416117254 128.488207945 0.50226586941
223.61423639 491.963749143 3.7076950938
243.03738722 430.62580059 6.21336743298
200.744338453 311.316719079 6.21620942047
375.638102135 279.739097071 1.3615823453
233.066169517 239.255934847 2.1875117896
154.38945404 278.001849981 1.34363469287
330.598504024 254.17847877 0.320171116363
163.869451872 375.41324991 6.13183460247
279.984794107 334.670272031 5.48319559739
191.980113941 221.963266658 5.81210120705
227.644474472 21.0589366495 2.63883189107
311.051445652 370.831681498 6.15656470053
242.193592925 165.465219648 2.50813091317
39.6704388289 267.417060495 5.94866351237
338.40660259 339.293876722 0.273798926175
196.628797214 342.728851305 5.47264816504
92.880433408 268.073468326 5.19627496941
189.486975141 212.75985316 0.707785250139
246.230751337 59.2783461169 0.975829317518
251.019930876 47.8397407604 0.862308158756
159.426013558 251.115425754 3.92120704817
213.838310382 265.601480272 1.39700910832
288.240948299 436.479132563 0.66119609622
246.830027874 115.399111604 0.00847615828497
265.531311037 115.01408085 3.09992584332
170.110963375 95.0257738429 3.72486864345
232.824733121 206.087022972 4.13865784861
234.816388314 343.285965587 4.16009622102
108.223501748 239.211148652 4.90678796204
269.066349543 350.962951276 1.021356018
220.412112328 164.490648152 5.27975581036
246.478861959 343.994726536 5.72972955251
364.727564564 361.336485646 1.45414143526
224.025725181 424.613954593 6.2634820335
285.618595053 240.579742988 5.9429790275
234.14962671 218.948723269 2.5298928811
266.46914424 142.890141128 0.590183753807
413.666428193 205.703208248 0.873120108099
91.848721283 270.211864316 5.37576782025
311.118680641 287.73859085 5.1748762233
271.122868641 217.420965044 0.813700699686
225.894175227 116.802531973 2.05540107824
261.555826894 175.626200636 0.610983640417
195.739513889 223.273035231 2.06993936152
370.215252835 313.894609088 3.07681201564
380.959773869 410.559405307 1.42677094198
242.863986673 382.81848858 5.18766172557
217.161669955 106.227580496 3.4232932331
358.413285421 311.858867945 5.05455221647
145.866504667 89.4918556513 2.9456059348
221.416383284 144.00210178 2.05815062876
213.602648909 225.714131848 5.96899125174
210.65041644 349.780621366 4.86830805703
218.815131471 22.7781110847 3.86480223989
364.695085086 175.522404948 6.10195008032
270.758372135 184.144467753 0.0667913345133
163.117126382 267.908806681 5.75011147983
153.53595399 148.783132688 2.3475865997
440.268352917 292.689833075 1.5830167561
280.687801657 245.894216367 3.56505729106
259.337148473 318.320347603 1.44597828327
315.795571004 211.810862749 2.7746152756
389.340173008 128.688035534 6.23737083426
251.031568364 71.6288926794 5.04955574226
20.6659141835 35.5672385477 4.12755129275
291.459984866 263.732088971 0.628269358717
198.609547502 26.9199283888 5.46904975065
178.638213244 274.335850401 1.00873187635
380.192481067 312.531774132 2.72731578977
351.896460326 246.546534653 4.67959524701
325.002660466 275.22244798 4.27879472334
371.648312628 208.075052282 1.22333324135
206.107927069 220.753942157 2.93070253639
271.192802279 84.9163836982 2.06733784489
252.223734669 154.329534072 0.73945988968
315.890466283 187.249894841 1.07965983224
362.896433827 318.803424169 6.03629762234
282.908940434 165.04106773 4.73309694659
263.744529627 173.241826845 2.27336559772
117.285492994 301.989103855 0.933395526735
159.256022959 438.270619747 0.692459363301
