0 30 80 0.7853981633974483 500 500
76.4415866725 250.503641504 0.886033785865
226.583003261 248.376404888 1.15563933591
443.350147764 351.471705187 4.74905740497
49.8259646658 270.451615647 3.27313940901
385.320581412 236.979267089 5.88305491893
87.2876157181 358.715921003 5.90728717613
28.3075103805 189.095609452 3.76398864482
262.558285712 364.111109873 2.71939998635
145.167715428 90.5748564283 1.804963217
267.434714466 298.783793274 4.90157098316
191.931589324 306.740490365 0.659400215656
317.425942123 321.156940143 0.828146598894
221.957502527 10.7917673725 3.39364392166
272.285748064 159.201144609 4.75400175873
102.748126341 341.804509318 4.36199862344
252.554531598 209.103069853 1.74920146551
137.818907316 248.015188194 6.20368523229
269.088567177 302.941270526 0.996799815102
201.387594763 183.394621426 5.37563261748
73.9423660958 346.53558191 1.61312556126
341.41501824 221.472288716 2.71635393743
85.2785823505 411.005731449 1.51819178417
327.947493276 302.285669639 6.12477810332
397.83840737 376.430020911 2.52767660976
208.662660312 249.560531766 1.28786314718
338.36678333 58.6280253071 0.658133384736
183.880474053 142.920598474 1.58411397749
229.687547585 228.232037657 4.13539245642
269.120491944 201.187232914 3.33934416817
301.700923094 368.439400709 0.292137254765
