0 70 80 0.7853981633974483 500 500
223.611130265 338.222909614 1.68074073132
219.813201062 246.738067082 2.21490081746
287.001841198 237.84592311 1.00237841581
203.492971732 313.343707703 5.53293753685
199.67047633 171.596505693 4.28467048586
183.344786549 112.234874143 0.16008016416
231.666984461 333.893184222 5.26873209048
317.176384096 57.2159285459 2.39864864167
75.2543334825 336.463219667 4.64319594401
75.5111367451 108.054045015 4.38516123762
212.238541582 164.230155744 4.66040299362
421.152344511 317.856738328 4.36404199128
270.329711575 283.569567587 0.133916523608
285.730836502 24.2791971418 6.12524088361
225.816566081 123.191656736 5.61471057487
285.708391548 259.995165839 2.51922999527
322.040049137 289.754904675 2.27673181883
251.078210513 253.513355262 3.06398486805
304.363164432 237.213647722 0.90967305452
194.379547511 264.414650189 0.733190124568
300.832445854 321.805001472 0.0399117101792
104.117533061 361.807780844 6.14278071323
287.23268006 298.649977246 3.47678261923
232.776354519 309.305724803 4.4656890914
322.383729366 182.587456829 0.631176414353
211.458805271 201.914579503 0.504509418831
145.94812119 196.7902225 2.39985191247
301.185009429 246.422981586 0.938602855225
128.621004438 251.030313201 2.71348299449
208.553125922 99.4583899397 0.157754873045
283.171196668 282.448214496 3.43249760586
295.681477673 335.140796094 0.930446575127
212.422973995 398.640462108 1.75138655188
304.488523581 180.159800047 5.66791281911
394.99692 187.052622247 4.63081180532
215.086554224 138.382268955 0.923794027776
263.876871796 297.551012831 1.92740995229
387.975238333 320.04576762 1.2331403445
204.41878126 417.32444719 1.83378146395
192.644508924 30.0669987824 0.887456483767
271.260851235 264.217154361 4.36501038668
206.039784394 153.37520939 1.30700277594
138.369228866 248.275915804 4.22747123219
39.5194998308 271.185603583 3.80007638606
481.88310185 279.164478864 1.55778136265
336.851915216 247.301398294 3.12242207187
330.29342446 349.966593437 3.70724744219
306.972999101 408.339900098 2.90383667007
273.559510872 429.975898373 2.56837348902
223.89822508 320.009577624 2.90580652876
112.893846003 278.119001339 0.725291970803
419.073547359 217.627255742 4.32101144593
172.846207508 264.769487437 0.188775692461
335.65877795 438.38792601 5.4019347337
66.2721236826 247.697597606 2.59117494238
207.519062789 275.335910837 1.70024424051
257.418156878 313.519244699 0.207007735074
239.598750835 356.036437683 1.91979213036
323.530739243 303.423752329 0.64330458322
175.563784531 241.044171704 2.36352982827
355.077526575 433.92503979 1.12223518356
253.790791825 135.840970981 1.37468420228
258.570203143 242.649635933 4.19315383978
249.865021229 200.529529458 5.80952856985
271.757458454 402.142012965 5.7677898689
146.070016301 254.837827228 2.79508605363
318.478103226 166.596948655 5.04294151333
65.7644645376 426.993247547 4.79466944577
292.771760962 165.447845745 0.328382650698
341.609468054 251.010260837 5.41935715586
