0 80 80 0.7853981633974483 500 500
97.3090230263 188.417958609 5.00473770214
266.186495625 384.280017354 4.48938035995
156.420358011 128.493437487 0.404579320906
319.440651195 354.355428073 4.78398090034
197.559355614 380.220255554 2.39695098504
250.046639893 215.243560401 5.80062185986
179.432599088 78.4103334244 0.222674722559
197.99404279 140.670514659 5.26476087961
357.470313461 337.854017006 4.38646338923
344.26133502 119.47717414 3.37975444933
352.302705767 203.692960804 5.77622140855
65.356230027 342.504675372 2.6615823725
442.721714005 224.496725068 1.43236159622
411.992212144 211.360558188 3.21413001676
304.525023452 171.595736244 0.92307402571
217.778337287 270.170350386 2.6652056004
130.20424404 213.806174906 0.11312774273
341.505876709 182.44913885 4.08598930863
210.421649595 341.446469454 2.60731005223
165.179645697 205.157311326 1.58884298702
308.215395328 161.074572316 5.60894338188
326.85714695 157.284907107 0.200193585732
350.637751584 336.894330159 4.93355414801
352.163555653 293.010090597 0.945300456636
242.516759834 226.149245866 2.10013207235
207.490976421 319.017693171 3.76345515766
319.02380116 188.450114265 2.22290333381
353.69147387 311.686677883 2.82510508827
200.871721869 364.448485124 4.31899591486
197.908070859 209.668050784 6.12440846106
266.272486145 138.141394569 1.96133117373
348.065056179 340.765674669 0.183119297756
44.0898262582 199.408693844 5.13017921095
263.831117831 358.991811608 0.52847226132
488.347773442 230.25230432 6.17024069568
232.781738835 263.834678362 5.81040860414
205.638085761 309.414000089 4.31794236278
181.383734335 62.1159257089 0.722883487767
302.637061081 69.2538946005 2.06465198322
261.705284297 248.936523261 2.95671690646
294.366208062 68.7651119078 3.1329221568
181.935766522 287.021130099 0.51982283636
128.43013436 121.800126874 4.36227717657
209.562985841 208.701993799 0.540863577348
279.722960905 206.337794099 4.68728580775
142.727067326 74.6300202337 5.44973706182
257.609938457 231.029775454 6.26047356024
154.936633486 204.264352812 2.23603381307
192.055518171 182.521219549 5.98170813689
288.965234084 335.587964714 1.46314776689
135.485238015 424.048746411 2.11069669788
57.572395988 55.0929193964 1.77608797799
398.948169718 214.740248396 6.02153310484
300.802128332 353.345913872 0.762404358388
201.756958432 269.209238249 4.79643618047
194.351524074 228.229305492 2.59411362962
135.416574533 177.32853312 5.76551822764
149.431313873 475.034558452 5.4515769428
440.766135117 175.903077196 3.72827266682
147.153420108 412.8046366 4.33133122824
74.0334280044 315.226908777 2.8852676259
426.441957043 167.094190322 5.89851270658
353.735810189 438.059809599 4.83941110795
242.123789055 246.96832814 3.93573685909
109.293996222 209.598958632 3.79458056411
164.381399472 159.62216816 4.66937685065
279.901363975 139.248423628 2.99713975359
211.122079103 284.125011909 2.52225675177
307.517627598 198.431167421 4.53422126134
242.065124391 290.316419474 1.75394536383
149.693597229 275.496541094 0.966048476725
215.778912783 155.811088588 0.376338723639
232.824592328 290.465491661 0.702806596715
178.849464743 203.600497243 4.16237022387
320.264848428 333.772046459 1.5271686031
151.26972534 193.725377562 4.26888418341
110.431047752 229.272778641 2.25507667151
255.150665053 191.236686149 2.73473790505
261.136279954 267.60201207 0.208508999345
281.532584073 222.351309949 5.2678172651
