0 90 80 0.7853981633974483 500 500
354.920716509 249.375587044 0.230615480334
202.086517322 270.731778279 3.81291508715
248.987344628 344.218842216 4.65926817185
292.810693809 316.60134648 0.166647461713
187.509749655 275.30809403 1.01049371176
89.8728743387 190.107322493 0.253553185495
167.090991361 264.246300706 4.30695717697
246.71279673 353.02921088 4.51990321404
281.075024795 121.184108418 2.41199381709
389.280994589 67.8321483541 4.79564932199
210.539726401 152.272115307 0.665602506089
428.939871696 299.051254628 4.13847190273
283.749745362 260.170422382 5.84279354758
188.680904584 287.171110829 4.92242716426
221.880060743 253.258809808 2.06796732235
411.500634999 270.664474482 5.89088157806
214.748415708 104.83083569 5.0457758485
273.097878256 220.647923948 3.42971885107
213.404295057 341.821039144 5.81250246515
261.676659814 92.0437461885 0.569952871174
232.829434338 223.82748545 3.24723308144
165.305366737 430.024120497 2.86765180841
144.34254929 228.254077455 1.96476826568
313.003921481 269.848808845 0.0416736282608
80.1411317492 123.046758303 1.79610398262
183.241329367 304.093645576 2.80416175351
225.273759699 300.593165069 6.14285521276
277.516291563 41.2298074991 4.68590290909
384.601284434 236.612117188 1.11730550287
251.632760927 139.844269467 0.286482248289
252.739445924 342.066293 1.05601874195
263.94644218 326.192199063 4.65187529474
388.218073018 158.939571227 0.903334671626
134.188938302 427.648439998 1.88878574492
119.948933058 3.29209426716 1.09836486769
126.792220924 259.846719254 5.40044439929
370.409466524 123.980592704 4.04467967305
141.879494455 368.712428903 0.354181295727
139.134759684 301.26464035 5.92305493832
318.949370554 187.042723496 1.71158217497
270.887858112 346.90359389 1.88742008846
56.6210154385 238.055118308 2.33318599892
314.270585575 198.35955421 0.313191809666
302.569330357 327.740667647 1.51620515374
324.146838908 314.735276298 4.98843820069
116.363698109 158.265789145 1.64236907714
232.405265582 252.768069374 1.43181637981
289.733910381 226.647931563 6.25226585497
303.57430514 262.723019075 0.790314685727
220.540505991 109.625011942 5.66161601355
297.379497449 166.314536721 2.20290732111
103.374106665 353.376998519 3.19736167279
174.049248875 297.109016329 2.16947788735
456.391520543 30.594073388 1.82787361628
245.240312386 188.378534219 0.144316076806
214.031813931 197.933154821 5.41787910994
222.723341793 219.746648466 2.7172940638
242.052497622 344.427511506 3.34279181365
364.686396692 124.714422201 3.45621351662
257.791927541 295.306107575 2.85799141962
221.42684639 180.462527803 5.80029882953
235.000266626 116.021530658 0.00487993442854
215.447888915 197.596407828 0.865297745528
19.2392289157 141.439684506 5.00775616845
329.851270178 251.746150577 2.32834689827
179.250866886 238.840298147 3.84873447534
419.580014188 294.715052602 0.949293189368
260.083140326 389.62037452 4.54168127511
317.995426224 402.628392542 2.97899542215
174.840878757 287.190327529 0.329491519857
163.678117592 141.701294743 2.24434182265
106.887857638 317.461163298 2.50477775765
269.137670636 141.467258706 5.89160639025
226.760654993 157.22135642 4.81764777119
175.763691206 210.335135126 2.48087224693
196.559073743 254.037326188 4.15843871637
141.86288415 177.11177406 4.79350780811
184.070426834 231.507419895 3.10620337407
305.141973296 148.626957753 2.62627090834
499.565098685 188.535437296 1.97560171959
137.695350074 199.308012944 3.17343716839
282.067999534 138.833206456 6.05618036222
83.9873476033 176.021850386 2.32900726592
345.220583351 390.550656685 0.161313409733
218.785237381 305.771446369 2.82941020938
178.620306824 160.897100713 2.10048400135
291.42542806 316.47290287 3.9269156327
159.376682422 105.661723313 4.69752255939
252.948783099 302.57982028 3.85113654759
306.924531656 99.9313010624 5.61974864381
