0 30 80 0.7853981633974483 500 500
314.12540893 185.353589109 3.13208707597
364.958995323 301.248618001 1.55211256279
187.285291097 108.864903307 6.13740617731
350.494076022 294.674059785 0.625462408041
365.891254521 207.717501295 4.56906962547
52.7770512978 245.368542093 4.92614916489
123.863305259 377.440444217 4.24689499972
197.824518433 226.967992721 6.08217000177
192.006588128 135.225102915 4.54081121858
158.644916963 445.999554852 2.35956972812
320.246523782 175.530687335 0.42530337628
229.854583758 245.667760624 4.91586808309
88.1890984784 373.936708163 4.98248484701
154.661755458 187.339196699 0.161285754358
286.493331658 189.250975711 5.7043474566
188.456754624 178.222201555 1.94737816298
183.238039443 296.208674901 2.98400950311
234.599762809 126.217607909 2.87330091268
244.180297978 167.51849608 3.50879064461
191.310689108 233.954293597 5.86697439426
201.973441143 320.324375276 2.49837704731
182.382295003 226.464901 1.86545307018
114.027438097 74.6061762293 5.7674237708
176.284976792 203.115608958 0.206629660063
281.210037594 376.661970737 2.84202011305
318.343229211 353.052221505 2.28883204862
102.909313343 173.30509925 1.97133858333
261.413891477 397.771658307 3.70631849564
258.327033937 288.531677341 0.808128908441
115.895001324 312.835279885 0.416111905235
