0 50 80 0.7853981633974483 500 500
70.2013097083 371.851708277 1.16293387872
240.310278447 141.335067283 1.32247702949
324.247914014 188.527506284 1.02294818615
208.622793671 252.236327182 1.4150495159
220.758712203 202.674944246 5.64761275639
118.425916403 257.985569888 1.63281270954
22.2244054002 216.010331086 0.430855432612
288.473101697 456.573538747 1.19634233593
375.704426418 394.715376816 2.61867098991
350.319319373 203.91803532 5.73449247555
66.0094745666 371.997292128 6.24863036829
203.564185974 166.838711576 5.7733173698
327.473520938 265.481116593 3.97231818556
337.42935177 177.384331279 3.87707239254
222.117042093 156.95831567 4.68278514234
443.0036861 159.765082577 4.99948673753
268.936763864 41.9215286486 4.10502865251
101.133999187 256.487277209 2.89517542546
150.256838876 301.358453745 4.32454827951
403.613117305 233.513618039 4.74487601685
176.435523616 197.227706092 4.23408624346
59.6675859279 277.090479879 1.87846101283
193.795502424 169.988096248 2.54029088027
113.04599753 323.999687528 5.43698822743
209.205042017 318.081993673 1.83992767148
353.339030621 217.11556706 0.384385715666
143.905300184 163.410890995 5.33524740889
87.5979396471 153.773402485 0.482715843236
217.417444893 366.226044906 1.49255094244
69.3410804791 212.899157769 2.75653894936
363.58687407 238.866946222 2.0361634694
321.888154779 192.419436688 2.75585965651
31.5921667928 231.963334465 4.15771041946
253.40939257 255.398245858 1.05869359096
172.492229035 211.937899425 1.21479081745
228.353157498 358.102160995 4.01104792969
310.217857051 215.466324667 4.54249040568
339.811725634 311.943661157 3.54773363954
328.146707688 172.160346929 4.44718572623
12.5168272752 197.608574961 2.49714724654
172.959304141 233.180827205 3.9713041141
143.455673428 326.176075876 1.54028855103
139.155801772 72.5018442282 0.683058338561
231.128428522 240.993882312 1.55942478011
354.349389445 323.055713177 0.881288067471
152.167762014 280.24761875 2.61910818915
164.23827491 164.019916961 3.63945823202
202.619468096 81.3536323604 0.590375793983
345.834341939 307.460588651 6.09062525153
279.240168692 280.021100672 1.1586014798
