0 90 80 0.7853981633974483 500 500
256.877957407 270.344573999 2.20877950364
171.933547584 383.097518094 5.66162194472
299.027144682 246.116296526 2.14328039562
314.003948426 163.37341936 3.17698852794
448.185001184 309.59707369 2.85162499385
161.909450776 196.028254308 5.76022271073
313.178869678 324.946581004 2.84012435125
280.693949637 145.002695368 2.25960140377
135.087215853 240.024280148 0.452033607593
413.541671229 145.51029501 0.492803143385
121.743696414 412.822858266 0.314552360338
306.47466576 360.331061018 1.87379100952
74.8065079364 148.501849984 1.46828979791
280.415639267 293.892393809 4.36017877703
286.737432961 239.627707358 0.513429792044
232.653745359 210.050433404 3.41733887689
332.80083337 215.020047313 3.7057913434
323.859750602 263.343956666 0.828257559701
247.968052376 304.69837022 5.79060644105
168.807339657 202.228358355 0.461709680706
299.951308043 266.328192739 4.79001634251
312.016757709 251.880452519 1.32449917794
164.583696721 266.723090321 0.643762301473
254.047332691 278.107697725 0.41675954958
197.66558098 267.679240265 0.829192449068
365.965881719 20.3977154971 1.48399418798
304.226418875 208.356607895 3.09259379851
215.905119847 232.385194293 2.16286880157
208.80652992 31.4662576577 3.52219254367
137.80359843 296.870029447 0.224791213551
171.993052209 415.119144659 5.26984289769
40.8135092974 276.684459105 5.8509370028
211.433409731 310.226801465 4.86295248833
284.461640528 230.12484822 5.45842426407
448.969013292 466.07512291 1.12834168034
92.1741433666 130.237842556 2.55066402322
222.282380414 370.556885784 1.4552624542
154.689049094 263.344310171 2.52304616388
263.793127103 467.865836891 4.94749755088
329.334442825 108.911724447 2.5890596365
262.489418796 402.962715903 2.52877571443
124.032622072 226.41988062 5.37063417364
244.73417326 303.476935737 2.08508702273
235.954787739 334.524524138 4.28809173397
321.778719175 312.194699217 4.45550727121
312.174128967 324.61940755 0.933858959367
130.099538064 335.985827694 5.92332789473
298.57093262 249.010673844 0.308950880197
164.860308401 210.925997826 3.93896633522
244.269906543 151.682725143 3.64470999934
138.148473688 316.656932207 0.568220190052
118.911103359 169.359626155 0.179265663024
388.529086279 267.410637658 2.3650728866
172.803600626 173.629019102 6.06500604878
204.180105759 179.673621171 3.40839646568
110.4667133 178.100289651 2.65568392183
149.470457163 215.107968635 1.54944608253
263.342875668 212.941857425 5.37448165351
279.111876706 247.174634232 0.736974914038
83.5727714009 252.249684215 3.53560969127
85.1581643867 256.646548467 3.53753008584
226.291772094 128.722858251 4.71223173738
111.754187898 3.34915001012 3.93592383139
102.081656679 298.077686535 1.12370399475
452.447843603 294.99327366 1.30133259696
167.454623835 261.235336763 2.0129226161
241.904438537 156.415889471 0.230556125053
198.583342239 198.076069012 0.644100095215
197.775714165 155.136626125 4.4092764888
295.827845314 290.823574872 2.30812002856
305.432020514 127.239591026 4.97551439266
208.150796472 248.730230349 3.8425255198
330.27838166 148.919926058 3.92244812113
387.398169169 226.531226039 4.97082128874
137.48870133 332.909627238 4.05137407512
66.5460306456 276.564145496 4.17187143624
421.218586236 390.939470888 2.40460752399
117.618259836 289.938948647 4.61963708413
285.866206558 241.237657178 0.818269707636
35.9979058193 332.884047947 2.42835712443
306.650089288 230.812324362 5.09271697072
170.277844944 283.406797625 2.12766377719
157.028982601 353.261480055 1.99990227024
150.089764646 342.701701307 0.245603461765
445.390730593 170.599029088 3.37777002703
204.011067858 245.784898616 2.52871212404
207.958827461 438.749567652 0.358106510749
243.978010814 20.6542714483 2.02987976623
254.504249917 452.018860309 0.437931950492
318.255580328 227.556556953 5.08235424608
