0 40 80 0.7853981633974483 500 500
362.927005922 218.441929228 0.388830637692
291.218652657 61.1532785694 4.65439034187
78.7972024725 168.89542432 2.84249440974
12.4111191061 376.488185838 1.69357103287
163.039727486 101.353133543 5.28719126166
445.954887727 445.436736828 4.95416613719
151.597909409 338.733025639 4.24541084062
233.37664615 262.692258278 3.58643665772
99.5072334217 127.184017949 0.267055608344
289.202898794 253.678840435 1.9944354241
205.614374409 156.005399447 5.20441580839
421.309539926 372.001066505 0.0359381614653
254.929146703 239.991268562 1.23292791987
263.996545839 38.9755250719 5.87282304528
70.39427241 197.88564038 6.25410604133
259.769513103 107.446150472 6.08882909895
359.368539894 354.298737127 4.95792952596
209.385089814 39.4166530263 0.0278603510281
59.0254475888 15.4503040336 5.64183196812
188.096010326 369.70240032 4.6708561664
202.292152342 276.156394714 2.34566536038
226.95280007 160.025934068 0.277102605336
142.780522989 227.483111399 0.0908078597003
294.575252141 124.125487715 1.76894420733
378.866314664 286.373529835 1.03205140101
292.069940294 230.562038412 3.78380950773
178.891998433 264.710757724 5.54722208954
335.83562868 248.923664036 5.0311396095
263.820127077 310.105228467 1.75086432062
341.561609807 299.603131869 2.7293968101
215.264453279 236.510502513 5.65400568342
276.93502462 332.967282128 2.48849426098
97.4405406414 281.488838712 0.577522547347
252.157232556 371.663748713 5.32980533823
279.298206722 102.554886461 2.34541501293
196.147075475 173.468299286 4.06847662997
143.39849949 211.186875772 2.66515825475
289.283236226 219.052932338 5.74925673484
180.774229017 272.657846004 3.32488325826
198.373077535 250.437578368 4.3898377621
