0 70 80 0.7853981633974483 500 500
112.573431889 363.826754315 5.58970282398
368.108334004 299.101413908 1.78795399766
112.829278117 221.997224257 2.64803780558
261.05970908 226.170131161 4.14104935562
321.469113937 263.501777139 5.56150578019
302.961171867 211.116987735 5.61419129034
400.387976507 237.281268588 1.32023362691
222.149607978 305.937498375 5.54802107325
320.091366964 235.764102327 0.589425478731
153.016324196 258.115445035 5.13633056733
295.912985228 287.301772956 2.2119452885
230.547015385 42.1602190953 2.06656619396
207.281585969 186.563105786 0.77596337455
250.430385335 132.173670727 5.88673698919
173.208376505 244.42009884 0.70930681735
152.595930677 246.677842067 4.99438352724
351.314356062 170.368223117 1.42581042734
187.011932296 191.749606384 3.86124865822
194.232365203 183.464538225 5.8199418455
106.701723733 135.699831628 2.87038248643
239.714647876 197.060806263 5.28777982267
117.729012084 190.29788164 5.90323004379
173.160357728 195.314482431 3.3452877521
345.988288316 35.7782559057 2.51946432522
309.55518522 104.842655115 3.52175228068
25.6209329279 4.1112407478 1.47874741783
273.967553645 111.613400247 0.0591234871906
335.719291858 203.034015157 2.85249124078
307.56861165 126.436950314 0.693358591419
342.677435965 232.377207748 5.66040158472
261.19098562 162.746240608 0.284960226346
186.14994431 350.075820075 4.55393495958
341.306398888 285.202808717 1.24475747436
311.682797113 165.269928795 3.0583186759
403.685995549 92.6987752882 2.49713497308
390.250168844 237.361420194 2.64618314964
294.672667307 302.734581332 4.05315693843
202.714935158 235.643502275 5.06881543386
392.405696741 236.502894376 3.28742959479
281.192924361 219.247355705 2.34818627688
131.466444853 252.178391664 0.0314210540627
154.990805302 125.205074028 3.91347678141
258.047380676 185.371494187 1.61552902403
276.055874164 295.794891748 5.24616386075
291.12187346 136.453670817 5.89596867797
271.752215561 193.984095686 2.32749985643
265.733096744 365.393655693 3.95254776731
240.233064251 141.841929954 2.25315926528
158.062890066 264.41068165 0.850788803511
251.123835614 256.575222363 3.2871083027
258.694688063 276.523775309 1.46500970564
208.044365812 203.627437183 0.707185045667
378.205013361 177.303769543 3.97928902064
333.150766125 266.27367799 2.85856977656
326.156713764 383.979874027 5.9686821568
166.087184392 261.867491025 2.58405950637
239.276430005 333.491498251 0.464844615982
144.142077012 375.333391066 1.84030725175
146.464470576 98.5320097209 2.93639744918
143.416521355 494.666120924 3.29990614422
287.618416656 244.849145564 4.68067324322
249.801285901 191.854597229 4.45978320906
336.845345288 284.529391882 4.25387489232
148.138788773 141.64817909 4.50467546364
305.865053058 281.630548605 1.71333546485
56.55709706 110.498263135 2.54031985793
288.218860409 299.891648631 3.37937404995
96.7572614832 131.489389824 2.91650539525
209.099699981 232.240324126 3.16886583063
217.80339956 361.158028842 5.00362626244
