0 100 80 0.7853981633974483 500 500
260.552112422 221.146275926 2.55012528333
162.415069545 203.945995384 4.60904624638
444.652976523 458.921687282 0.672055315017
71.1217819586 277.052846893 4.63614092768
70.3993336245 5.87475516138 1.66148949703
312.060910036 337.189622078 3.4570700636
246.927191532 319.888440943 5.47384982992
308.347088503 243.809460844 1.83689688159
358.970434161 119.526867746 5.89275832104
371.640126687 229.00766405 5.50960608288
354.162404618 300.477600995 4.34041166855
150.301173507 234.038439855 5.28745042391
229.398681664 26.1335288495 0.394701750656
254.407544699 240.995740966 1.01963247285
378.35529303 261.293388393 3.7293703176
166.603615981 319.209387776 5.936798096
302.743358559 282.904616863 0.131441785553
61.2444263159 170.597530568 1.68275503931
253.21727365 299.92304901 3.04411688083
469.840036351 119.922084354 0.572757475647
272.283350781 139.883445608 5.27227882004
252.327273491 255.350484151 3.59986604477
288.303124262 340.654305783 4.0392415073
244.926223822 318.684499306 1.47481102733
233.461930913 218.415591821 3.18076432373
265.596997095 267.102197132 3.14767721481
390.120974256 193.100440677 3.22227549085
452.864846938 348.451707057 1.74854020794
285.464572947 354.256380507 5.62425490248
256.015616989 295.596518737 5.14497659046
334.240881849 234.914444492 2.16257966528
366.531224717 214.791822023 4.25877627441
229.452397406 298.330379372 1.56950508403
342.044171148 209.741876444 3.49808591146
7.30863572714 263.333726716 0.31348100597
196.426969001 283.645785884 0.0567322144686
270.073610513 280.128711982 6.10030838138
248.82714206 228.751033509 4.02834191173
435.176656888 285.325814756 2.24927504139
170.980814953 12.6207666468 6.22209880611
165.26335978 321.200745086 5.40773620179
205.722539857 272.336473054 2.68782998484
290.647524865 152.134335338 4.06418441764
220.431953647 325.621469811 5.86276258582
101.748429703 146.958757982 0.888096121402
129.291133339 183.86267669 2.2311345376
284.363002276 200.891909434 4.7209244643
303.819716093 305.438279908 4.94733730498
268.916311873 261.157427626 3.64972610059
220.430252111 184.883344488 6.18258932502
183.306917309 247.607986219 2.38778207428
234.501793093 241.134219625 2.13093429261
233.918685905 284.297133442 4.07774554157
228.537471416 319.35549882 3.05204094553
387.001496112 338.210094967 4.40927274991
102.535304437 152.307807768 1.73793073444
417.87213557 304.892044572 4.5055896731
170.287706657 336.505969427 1.71717815
217.253634685 250.170279924 0.983314476473
250.115992646 122.569532319 5.87113375981
150.349009731 191.440681013 1.64370742511
366.044656877 162.502874305 2.66374858697
398.122224071 173.317317002 1.59622872669
351.808344126 229.737908591 5.51559853577
104.243018712 245.875504564 4.49780393579
493.491479536 308.582192514 3.16795119252
312.157286931 215.164799009 5.41073830936
351.058798913 211.708018615 0.962273344411
182.002480081 85.6596760738 3.84096408026
96.0014676572 232.98462869 6.00181462228
73.6483083312 288.406180327 6.07146058948
24.9799763339 228.329505167 3.46193654969
323.437806364 216.885936616 4.00084284761
165.482001632 311.438284433 5.59345536635
259.595243321 261.181338856 1.44971739719
209.542293786 321.370130599 2.24025410287
242.462039083 16.186787828 2.61797566061
223.630402237 30.961052896 3.95445666116
277.670217112 172.51244898 1.65957740045
253.530791998 183.199755638 0.424069045666
235.029201752 173.554953192 0.138126018668
149.310912148 213.569638734 4.04262264986
299.776102128 217.876838091 3.74389507836
184.949345993 122.290013466 0.287111617072
366.657302703 119.068571127 2.81717213766
180.987988907 211.345769582 1.36467888014
359.914299318 256.423809342 0.93238738154
289.924264489 262.218562532 0.775783031096
329.078305686 245.317601387 3.12178184827
280.740999537 181.251728394 3.74719329176
271.780880725 198.591905071 1.29396998574
160.098025723 424.875710845 6.18379375393
8.20953472788 70.3761850279 3.99161375915
102.231786043 435.013189017 0.86880567857
91.4291290027 152.270746132 0.804181521834
295.955483667 402.711960783 5.10097061269
269.684341891 351.128103475 2.05276362999
326.531799614 309.40377445 5.16319542132
182.62478854 292.487495512 5.51704675183
326.652988318 207.128253243 1.98259372726
