0 40 80 0.7853981633974483 500 500
260.354158875 309.040519192 4.31855771296
421.20152403 279.103652767 2.61655146171
67.7556304008 327.890501579 4.0315701403
286.003240292 306.418482452 0.788570000387
384.947396348 396.175882121 3.39660517157
255.858333538 310.38967925 2.73773890497
292.362322276 286.017789267 1.20228260868
207.371466228 263.511765137 2.93875728984
210.421076466 166.447106984 1.27953692986
254.293431773 296.590182576 0.472046028213
247.831024304 251.74834554 5.61515344903
275.696082961 328.883252138 3.0223128363
361.604971519 268.588867341 5.67750710854
165.367640041 281.910164302 2.80004917959
226.239193612 457.624541398 2.86484246732
261.178384122 310.638213293 1.65008672172
282.286419013 178.288260709 5.39668888679
208.104911138 103.190630984 0.934583864266
88.9855891758 198.276354709 0.47315980621
293.294258491 354.938005289 2.69225962455
255.15463653 219.385774251 2.91245336777
270.905139351 254.31047414 5.20767911799
196.705644615 487.619029258 5.40169897814
72.820208283 331.205207578 0.910741591922
256.363498765 281.267246239 5.04277995259
190.771432529 275.443909649 2.50504376857
257.58196807 340.934486533 3.97616671363
298.223531072 97.7422633383 2.11766114796
294.041232309 321.803891432 1.11432373207
382.369817546 105.621292728 4.29918931883
245.743599767 313.055183408 4.15021096313
64.3036697287 285.158509813 6.21041837032
97.8047705793 299.232374705 0.966678805914
205.565214497 191.051288401 5.51576259628
281.603108463 277.002711765 4.38361549152
127.201916364 240.946799191 4.55413398131
207.692880321 221.481115606 0.871343771023
222.919886865 333.092847974 2.00085149034
317.580736818 205.824413721 0.156033750935
342.224678364 120.373893677 4.70791786
