0 50 80 0.7853981633974483 500 500
240.108587824 341.508573702 1.60832215187
238.076597852 468.545436776 5.036633164
229.557094785 185.735089848 0.772892062865
220.895761728 191.424112999 1.68896225148
152.140858541 298.06240491 4.71426083192
142.45957377 345.490166768 2.21404272767
287.29814229 398.011808905 0.082867895352
123.0614636 276.992218642 5.69285792423
278.614002132 413.751746301 3.25452520741
132.359487125 270.37529319 5.16963242862
393.770740033 302.516047649 2.95590318886
168.717816824 274.308616429 3.27674500632
224.488506906 49.3381201307 4.18854025658
160.199093471 185.799740346 4.72273517693
264.066127774 192.620952582 1.37864743943
368.891799735 301.703652103 0.431204383383
107.303063655 287.822404785 3.451410665
254.705035955 207.966444041 1.10085589409
251.427820677 337.380208543 4.65520548714
310.461571193 126.121976079 5.14272915051
452.516706934 245.212060031 0.611374900316
207.988897848 247.732644129 4.67799627645
478.160037406 347.310151629 4.58550262954
303.784311025 309.610376508 1.4597736139
125.296615818 162.428583452 5.57519823557
239.147145849 293.313836368 2.36342220796
39.5018917789 232.956849081 4.87004721815
368.776835489 363.331352457 0.97589972225
317.875909433 340.974485569 3.42400235561
331.620100988 363.136927601 5.80086709352
254.37543816 40.7770097297 3.71620766911
349.521676458 241.646272411 5.10682086672
212.963193959 301.603368912 0.491195533947
173.438927903 291.575121227 0.242537153313
231.591763616 249.211554756 1.40688088839
163.664651328 423.118087537 1.55837782309
218.441595887 352.236980862 5.28303892189
104.095022864 443.799921543 4.23853348475
16.4083880018 336.972111717 5.87275689037
403.689255924 270.203510241 0.876395330187
290.005185492 409.586992637 2.28705728353
269.632095113 30.8619006108 1.05357981805
173.587701815 338.559006223 3.48706628376
319.072551284 354.046534019 3.01335889047
188.824590285 241.295142822 5.01985147229
193.561097846 200.363284903 1.49890966503
113.617919015 431.734114495 0.734568533874
153.774390313 339.920450307 6.2093633653
91.2341082727 284.622945562 0.869104834073
310.129226662 215.05063884 0.369776314103
