0 60 80 0.7853981633974483 500 500
277.255723743 187.511739105 0.875698096906
189.380103283 186.755361141 5.10548340983
151.058167169 282.558656665 2.85380704362
155.217685778 236.507010431 5.60643680481
291.919630321 294.131169404 2.60173824822
255.084411312 182.978623771 2.79595889524
194.227923594 126.639911968 0.690612138525
161.660199736 285.89669039 3.39115556081
350.199394796 197.173944858 1.33259363532
434.681954679 239.833831374 1.45323742319
280.050543383 202.090742462 3.80923596
210.621126259 103.910219979 3.7063636584
440.108110314 328.591108457 3.86752362608
437.46208914 302.759379402 0.486281530949
45.5683817919 74.6216480742 3.37884597481
118.676737207 251.468657601 2.16982926462
92.8193883505 395.301994011 4.39457348976
430.563250718 375.819292271 4.16254851362
54.1502271584 370.876007592 5.72449368373
316.005083514 214.386037595 3.4139619535
171.684318249 207.038601111 4.48111679021
348.252409514 288.203969742 0.561520314933
467.423947504 186.359616553 0.0191399721748
273.12589762 265.583163989 0.700220732425
381.273727244 397.774574869 3.91930300068
222.82431802 218.519721408 5.12860237385
89.0527075043 207.282749907 4.77090245773
51.3545156117 471.505063658 2.45412233162
320.075904077 126.51385628 4.45846650485
329.969565081 214.231731416 3.82110572146
395.810460529 246.823216779 2.85469476832
244.07740842 247.601852091 0.22419233006
307.87441474 232.231067606 1.4915799619
208.612926529 311.813615112 4.56078575478
268.68624488 269.461870374 4.13647971421
255.302834926 268.618312978 1.78899264065
182.167460141 252.709870745 5.78157958755
299.135371354 345.005416691 5.25903305996
368.72777821 202.133694415 2.55580877858
277.134486671 90.2283489359 0.650073142967
266.488093912 406.342819171 0.505608245287
355.152695419 211.756958454 0.59429499317
155.859827642 129.44690748 3.11416037604
239.2091095 264.646199044 4.91578121072
239.659546737 314.677554672 1.48936671652
186.529453512 238.714577786 4.11302005203
299.184699374 258.990578942 2.82185695352
374.868028257 361.762147778 1.64528995638
199.914072823 291.575408278 1.32131543482
375.611368051 343.808019123 3.85076171277
313.240924152 223.649624198 2.30637468379
49.0840624759 250.539666824 5.20540729613
255.012255624 355.351426961 3.90573196004
268.26347236 210.186504072 5.55961787977
329.78427249 255.876311854 3.4611727636
337.295825056 260.064219726 0.988325875081
331.940883619 483.011076455 5.80939896679
299.49985627 407.986041283 3.75824499606
325.405336445 171.175731883 0.274489992366
253.58805704 107.149181698 1.29584559581
