0 100 80 0.7853981633974483 500 500
340.591501344 154.673185395 4.29424209078
234.612283251 173.614831752 5.82170458163
301.945461748 295.954569894 5.43286296085
231.680622335 379.88361026 5.15513017419
141.730246975 73.7520010831 2.78984028164
313.334040087 278.311008078 4.92020993087
197.609110004 259.577846233 1.73761996383
239.703225441 145.818616995 2.58027127052
242.615679024 309.271562395 3.48975782392
212.702434563 276.266442739 2.71543410249
118.244495049 380.797276896 5.27240609879
217.70196204 331.907087973 2.78868935342
403.922106671 141.959208313 1.74782875296
323.008353064 210.328699278 4.39750229769
311.50064318 306.596315934 5.19078551656
385.990264475 285.182184101 3.60864269917
205.602989126 297.724119771 1.70534209614
214.366265053 119.714026854 3.13065996688
177.529316232 301.638881921 0.864809607851
241.497710938 321.760419671 1.37284968278
397.97131184 209.543650745 0.172620099152
113.188446998 317.076947646 1.50289158795
362.412639851 274.542528009 2.1689997102
62.2137024274 330.752002391 4.90926784205
426.082043798 220.393273485 2.74679537324
326.825418775 190.052185203 6.12016796794
135.669059265 328.156039863 3.35607956647
439.875485921 256.687945385 3.72258450796
266.696702094 63.0933985581 0.578296324184
429.262747624 287.290544376 0.0155177771327
232.343234948 131.13305964 3.75125092265
190.585759648 324.380052753 2.23128494481
318.601668564 146.197446337 5.44530226179
190.759300753 288.720722541 3.94563851951
232.704248832 375.658686157 3.41158936943
278.082997571 308.218998086 3.37744914887
415.704766688 224.865749815 5.75733583481
262.575873787 77.6440374246 5.50165105766
399.832576609 302.372262506 6.18603186774
282.423712976 260.560097499 2.35512617587
125.074803907 172.314513709 1.26737533974
271.61754131 12.0770141271 0.415212916673
179.104305188 278.719544235 2.43450123093
124.903130122 238.517327126 3.10728876595
306.437835411 221.800558118 2.88457567893
128.453588088 435.340816087 5.87965445306
311.249483499 150.538897779 5.70252048866
290.822450962 233.569876244 5.28289512722
186.733109172 196.966353748 1.96024006928
273.134303277 314.655908521 0.65214397726
274.830168393 50.63151391 4.41104310454
127.129068501 132.250312167 2.59772337851
203.915804702 261.678032276 4.77421197502
19.6698716899 365.351074325 3.07545803117
137.826550582 190.178083634 4.97804352563
279.38857473 262.255376582 3.90102396473
91.9575255089 196.471301084 1.28890444609
303.237521196 312.56482325 2.1021745969
161.845385089 267.782565732 0.729146828959
350.126748081 335.551854322 6.04445869695
209.619797215 235.86202997 2.7548482898
408.197469098 122.840001699 1.92882727621
225.661362396 350.895698564 3.50499167424
36.9415805553 143.934281876 6.24530611828
398.076803267 122.074166762 2.14780936177
180.620926751 283.738924648 1.64584764179
338.955434321 25.8908000621 0.29193950298
285.650010479 198.91940969 4.35297443692
146.578592145 381.675681018 1.35605007681
410.55698755 222.070511166 5.43180031387
12.1574829842 70.5339341074 5.6983542712
233.238902287 368.357761931 0.194678373951
234.981568331 115.284451597 3.63024699759
14.0488733718 130.034524945 0.757975097214
378.131705652 142.956853114 3.14250191467
257.594812004 235.413683561 1.18697590259
179.880878925 237.935777718 1.15218253758
148.942300072 215.882530367 4.0627837883
156.289973004 170.044035798 0.203663846245
375.740285366 430.64304562 0.965571838114
280.018741023 306.018936802 1.31051857199
56.5198698678 209.591428874 6.12065352574
55.2335871935 60.8573595918 3.08563053533
165.676257662 164.196194041 3.52689060823
85.1292161724 278.667324211 1.41272119104
243.177967677 254.014024627 1.7813971751
116.111155036 269.868886036 0.881514209796
343.310293508 310.382367779 1.90282021482
296.716161258 339.330125891 2.69580574874
88.7267341811 280.490233841 5.09866198726
366.230306551 143.165516166 5.68620183872
132.26081906 137.024899814 0.735745439153
321.448524796 221.916705178 1.60077895429
236.370717344 346.13405859 3.90769801021
185.475282411 154.85379912 0.336085513432
274.808869651 241.227268653 4.84070221524
102.220770117 100.091082514 3.64313512672
167.42270179 23.8488378128 0.42208389805
264.240176743 269.210675859 6.10393407362
314.357963304 228.159917889 2.40284750153
