0 80 80 0.7853981633974483 500 500
341.634163053 121.572472286 2.39646301327
419.081885908 255.18446198 2.79839816081
233.567701908 246.687520439 4.26813970404
220.476172273 12.2507493261 5.93707596112
273.034051296 315.177392126 5.91912076531
164.515105814 401.994680054 0.0120874203753
315.131165486 348.353767603 4.08004489942
346.823100791 48.8272565804 5.7577050041
296.183406211 241.606886581 4.50282210857
234.055271172 182.841603705 1.47309129208
70.5311785126 301.165289113 0.916098768451
250.940178926 232.577577256 0.368906625507
342.250881166 366.022061259 1.98842000555
207.746485527 46.463378077 5.11999554134
208.014845312 355.839880069 1.01865628279
213.212592296 158.610602093 5.84823384304
120.909482212 377.632144066 6.22906713645
191.404457882 211.685166461 3.86186389734
217.61569802 274.282305867 2.6915839159
81.4584075081 255.568313399 0.995430782402
363.550643796 13.0706403862 4.05641488538
306.483089636 283.33887336 2.43953806519
267.73102519 222.993545461 3.18295430151
94.5277025684 272.068672328 2.33149946378
223.127389187 258.912624109 2.45826377981
47.6092893513 168.693178556 1.1506864014
175.713611178 199.090703449 4.79380849839
427.80323894 324.956415839 4.56942420856
139.361635986 327.164258461 1.23444783094
160.036041687 290.23848051 0.126650520391
240.646619254 285.304303477 2.30502038136
226.047986235 185.454851544 4.07860887228
322.783764761 89.0593676328 4.16755761351
195.004790613 247.721788935 5.73688451352
171.024211861 402.236890669 1.10582474843
234.307010034 120.560481045 0.62575984596
297.536994961 295.049669579 5.52099728198
207.693798998 118.667115498 0.399437270818
285.940867455 460.899728171 6.13027747115
207.965094399 104.134194929 3.42176291087
245.225803783 236.223713095 4.5457582259
282.834248896 436.11005949 4.7978279581
219.182612305 168.214515068 2.55120752625
286.21257044 189.404779483 1.15623485713
275.573169203 347.26429259 6.22680126
210.358443647 269.160598547 5.25496609589
148.009228874 398.760239297 6.25050497393
267.177798573 264.721810326 2.79359823003
375.050335517 137.183333473 2.25480076423
223.171710323 330.437803635 5.072885055
210.506894563 122.878500299 1.45200369013
111.46778488 359.456394299 3.25253071145
267.91909409 195.132241572 1.94848450248
197.065808852 221.199548768 3.00134435906
102.365458779 123.418934826 0.0305103859208
310.298777699 285.978662075 2.00688463233
8.2823098991 310.240165681 2.10357462273
120.506759483 222.075005239 5.82124043074
329.159021979 373.25979137 3.83534621903
243.236923364 202.875936463 4.67936594199
188.448227664 207.830636005 0.454938869277
282.847137202 295.402785793 4.70628365503
349.188101575 165.853581814 2.04969198614
275.862835622 101.478120127 1.29379659452
255.384958218 168.061289241 1.42376691702
451.081726578 194.77318624 2.04229346291
161.881523737 216.049012567 1.17204431778
267.643330172 265.797522356 3.59360591922
309.203326272 488.247839011 3.58989764971
240.787458 149.947493464 2.97773042742
272.369447021 194.245467843 3.35638196522
12.6240021508 294.893845392 4.48095999945
273.526955782 277.102087057 1.55576619603
8.75595204952 107.478300832 1.87580796538
55.5673345027 410.235476023 1.05082019901
31.8923982022 281.43005524 4.09036138151
172.680430664 236.487978704 0.400749093175
265.2901719 366.71215171 0.44393062076
216.132753295 227.919463284 0.927911016899
197.917567422 205.411239304 5.69702554456
