0 90 80 0.7853981633974483 500 500
404.147523078 261.494249271 0.5625620354
148.149594151 263.246281804 6.04385087928
129.29790966 230.366779459 1.28851171239
218.067589709 254.995654377 2.86733567331
160.450126858 274.308668654 4.59785871627
191.690037656 295.021027697 4.75664230137
154.016310978 294.060377993 2.9093732337
207.561003309 102.409544157 3.55471884418
313.526013414 307.056464284 0.503378603435
205.463070802 430.942039884 4.17084755516
353.097071367 208.845340055 2.23426439579
250.703237908 274.931265582 5.24572414168
171.953841493 138.056169059 1.29016371427
250.42671408 166.591836142 2.95905482004
42.2465908508 312.542131033 5.47545125766
320.935709521 166.243491317 3.01361737436
252.194118958 221.134006927 0.283209743768
142.547930992 205.765864427 0.201819649642
287.387167637 9.46448952687 0.277417355768
401.345217753 249.823157292 1.99210752801
265.968302941 309.784250387 2.30660828918
143.541937801 281.749736866 2.47689647019
285.934647051 153.747283913 5.37844599452
353.048453588 284.501363278 5.62166153895
313.307292022 253.71405431 1.67721557258
195.573147053 351.606348138 4.51596933404
240.09170829 435.824890308 1.26430616004
292.759506662 380.856700608 0.147657110797
250.819712609 166.772384555 5.69541257569
246.602283931 221.580254644 4.37456313795
258.854567236 186.762820157 4.82802382072
328.977845397 106.526545619 3.08275663664
286.432324186 231.63979413 5.63576767224
190.447614237 326.190246919 5.76654799391
225.021569743 150.335560336 1.86868667319
133.388327226 422.149208637 2.78152084898
204.676767071 136.799777076 0.657502415222
275.268421224 303.561281736 5.06777833675
139.81306458 171.321022788 3.90871416687
178.231743363 284.656298073 4.5917352392
376.71687195 188.740360398 5.19966680305
323.267434153 2.68334522323 0.580624397328
236.531968662 461.101201708 6.00538192747
316.840025817 165.886003308 2.88996524029
348.059463783 194.859003451 0.0299409868137
251.25951401 253.454592783 3.61429991804
376.108950684 304.997128322 0.798489735242
409.34791712 239.234777536 0.478593469945
189.894793052 239.019858311 3.601942496
189.69469198 222.71513035 0.0708599441739
413.062859048 441.595945865 6.12619445503
234.991991024 309.432187498 4.53893172458
312.605955916 249.133762019 4.8014163521
289.398753057 278.5819425 3.97990645775
317.91998558 203.039358913 5.55192530566
350.99547509 179.396271202 1.11820595113
252.994048744 308.76137075 1.32046678661
241.656178494 162.568347282 2.92450918306
356.279117608 364.752658041 1.04566376307
351.173477109 223.207524549 6.27305348623
325.458399236 85.4602199522 2.49979305055
337.264744502 253.0104511 3.37800902967
277.688446306 211.474713061 5.29406775299
258.172219874 286.330042012 5.36257270897
177.55256341 93.2132356873 4.99604302228
65.4513251523 164.92087948 2.30414211935
128.602863317 218.295983283 5.06604122249
171.008043058 154.867213098 6.10243985408
484.986524914 387.003826876 4.94010752962
417.880758529 287.042415616 5.22927668754
88.6187673951 200.624843427 1.90243360192
221.889907681 250.554399681 3.9266433695
147.39909715 211.487202366 0.921825749793
149.27595154 194.9772578 2.6570265353
202.290866768 307.273483677 5.60877045242
299.845217071 341.053928027 2.38089285521
219.75919669 280.904397613 0.880918853184
427.021453911 62.0918721183 3.15682817123
202.688236183 297.543155342 5.69490747346
307.744221671 400.178830088 3.78747051238
292.321701111 156.870917627 0.820693098261
272.350624756 227.417804335 5.99967997382
249.296909216 348.090682885 1.1173685181
177.336933306 226.742662212 2.6238328435
377.545721914 264.528600318 0.339697776846
268.21525429 252.413540153 0.298734388393
233.32335415 433.899620719 2.18309868195
121.557906503 141.714534986 6.12724041463
374.985945472 195.983559063 3.97987432141
149.443442709 315.011709607 5.86138456759
