0 40 80 0.7853981633974483 500 500
289.28729781 335.71492024 2.13241134209
220.252170112 164.842833191 2.37769986992
390.429944956 176.551927309 2.17864291993
284.830500805 308.229244333 4.43968462703
106.511497896 217.912946056 4.73642244725
264.159234952 104.107947015 2.09130195785
132.160671741 88.4772455262 4.32665689857
416.903970081 236.593186888 1.52501288047
332.200944724 214.022177213 1.03436343277
308.169705846 168.16573446 1.59453651425
192.342344918 350.699457542 6.09481121115
207.821297859 207.35001509 3.44334883454
250.535169407 425.793452374 5.12373421677
372.096111654 372.520671586 4.64799192112
232.772936608 295.959488026 1.50254599014
142.481960826 190.123546745 3.12478892174
378.430344734 394.460957892 4.36264111293
205.707405667 294.49661136 5.09857957313
282.209335069 141.18908598 5.9773485654
129.043658962 311.342375192 5.20672537017
101.576477769 223.635537284 4.88011143146
141.140035158 233.150091995 2.96245045766
289.2467303 370.222689983 5.72386785796
130.84192397 153.223204035 2.35057535111
260.064695204 334.389531797 1.16207639234
82.2440830617 365.398750127 4.4118794586
78.3297910479 358.670105832 2.89558464046
160.930333599 130.509676007 5.39794447757
299.264279642 245.831382568 2.40513020334
235.732637514 230.849952514 0.14639452581
186.517559168 234.242321932 2.65918928301
252.258151902 201.636622068 0.734451402173
188.286060161 226.47015153 1.65937432661
181.430696008 200.05069219 0.635945766366
353.060745846 244.479450883 3.70069590878
369.68139285 94.3405144011 1.79107221907
310.347382988 197.806306337 5.18607481295
371.845343973 156.551996522 0.105816045548
145.271626937 295.606318556 2.74458828269
226.710224245 104.494006433 2.10727062837
