0 60 80 0.7853981633974483 500 500
321.841513419 98.6663371717 1.36734931051
130.241114449 241.716573908 6.26028192794
230.47725824 248.448492815 3.89454095309
272.016795825 270.490950672 0.572713103449
85.896080896 386.563019581 3.66368470328
228.182551961 241.274460862 4.54836514469
237.114114704 222.882861596 3.67771901227
229.41492942 221.517451282 3.13547693209
3.84045553224 100.58392506 5.80590602817
345.890737264 114.502147764 3.85384116913
128.746250166 143.90774214 5.13495437827
352.223034456 188.230296482 4.17364370663
337.410434374 176.027626769 3.11385609895
173.764015996 257.745850763 5.28050982312
157.643385256 177.192349541 0.273406398021
315.891922536 345.833837607 4.08573913386
277.962674733 319.928054799 0.803613305372
305.030798348 331.687414001 0.938269738068
371.194499885 306.279343814 2.11915959892
207.888229215 131.131642756 3.99931956978
294.492327225 251.943525875 3.90295998988
74.8775495581 323.670025619 5.59029905949
376.697752025 37.4811840744 1.56580837707
353.479839937 343.123958607 4.01565580816
248.741499816 336.428546626 4.44173605602
314.40244049 34.3500921348 0.314941745459
211.488466661 44.2961685541 2.70415273797
133.853370081 133.520134794 5.5871498181
275.889131589 306.709960763 2.46443951562
204.787450278 4.27392234645 2.59471097315
212.028183697 208.359175021 6.08611237276
403.012160177 200.726844122 2.5505921215
224.643842045 283.150035685 1.65302852057
135.667213563 262.61869348 2.40243931966
306.174408576 361.684523584 1.74303079643
82.7331540276 431.608463345 1.95546266594
128.834069802 90.3576812356 1.22713707311
265.841115482 344.512942098 0.191838165211
188.955323268 159.365165775 3.11692257434
300.329989259 312.526982577 2.5962614704
319.042724228 373.284852851 5.09444936615
219.934963622 287.343062908 0.404822555587
255.905269165 134.230743718 0.345394695227
273.205415912 319.109384406 0.341941208454
302.127680955 335.778227402 3.90366683146
394.456075137 34.0269137665 3.17366850367
250.50167039 227.988037279 0.171351102136
241.508047898 231.339264608 1.1152318727
144.387404427 286.144986541 1.79804644422
275.673209732 371.358575129 4.41715716319
241.375056324 246.205611757 2.60899259043
215.217733574 232.422833782 2.01924074373
314.538452461 272.079558939 2.55016255382
300.009631754 248.712476346 2.73697545522
234.356036492 201.333803792 2.45673266386
217.164335746 273.202296334 0.094208011728
351.810155638 287.875800083 5.89917733553
245.785304852 241.892048178 1.67379337751
420.836555624 13.1964874498 1.78189680326
174.178332496 367.103046468 4.01147646005
