0 30 80 0.7853981633974483 500 500
256.835885907 329.566377107 5.11200443488
293.767743291 318.834476216 1.95226883604
365.040766459 282.083595165 2.58344432494
284.080202647 288.46086113 1.14496848929
464.874011041 331.971432624 1.25884866749
188.352401509 149.180911434 1.58735992388
335.764451873 241.528682407 6.17194851465
271.506581622 386.380219526 2.6116713145
166.780584618 415.93711844 0.589465894726
376.249522525 314.966921043 2.27403982293
222.491581584 251.360135749 0.131523399888
348.264038873 157.424610975 5.06863018374
242.802603259 317.560886186 3.3723011046
282.287353368 396.784696108 4.16294296984
300.003017541 293.022157229 1.2279918628
127.813558693 217.314603001 1.00927040356
163.915594271 293.774419057 4.68312922152
101.425635905 291.979083687 1.33738643405
362.915796576 365.343685163 4.74076891137
345.78522314 191.143508527 4.53147341613
159.437734207 195.725295823 1.92154819749
324.095193906 212.69931642 5.37792023842
183.881736216 272.757829819 3.01931534159
160.235085565 448.349916529 4.9451533667
343.278409065 270.714799585 1.60990189041
386.700030883 150.234661455 3.62962805293
89.6603468545 292.99801511 1.41800307332
139.877017274 294.41169561 3.76263402228
399.112261436 160.146100917 1.96144996939
292.969044186 297.574042454 1.8728121613
