0 50 80 0.7853981633974483 500 500
486.320627689 208.207401551 5.04733095488
263.859055876 98.2922888557 4.80349572286
362.893185404 250.793873638 0.525971321973
242.497403211 240.567423998 2.64669971394
227.080437761 59.9223929699 3.01586087624
258.351665173 310.569583629 1.91321497081
233.433531352 408.823607977 0.156895027955
307.236927337 267.656496046 6.13855981693
215.214838139 332.010079478 0.159784538605
297.135756858 375.133466694 3.35309460179
279.7227263 246.844491085 5.80799074225
189.245672793 209.385000016 3.05371368767
159.364018462 318.946540089 5.54312869485
217.80961396 307.157388111 0.828944930595
177.299128475 303.539928988 2.80737337234
265.647228621 176.346135574 3.90626455375
210.786361115 188.963059572 0.0880033472889
270.854274139 260.910217045 3.13884547956
195.885514052 220.597534598 0.235205570173
250.365867173 300.446878039 3.20782412439
292.021158411 210.759864597 5.11108971167
102.377344111 208.472383857 0.301664795921
286.306674733 462.797176352 3.55659991796
143.769731166 218.306248067 3.79713003023
233.053249111 306.234060666 4.92946733687
122.4405503 220.742795579 3.72426905526
296.67735346 270.600529802 1.72772105641
231.332696801 364.763315889 3.06551540784
341.34994966 239.696383117 1.28115070712
306.366579782 348.296665485 3.57982449427
200.488234485 310.310411273 0.920181809399
367.903216078 366.281454792 3.76005929629
283.992758841 334.307381664 3.60111484056
411.048350013 252.897084044 0.486924126212
302.787500623 230.178622263 0.586434087075
401.327161986 319.631795594 1.81225413952
233.858655794 134.000009449 5.18998506423
327.760628957 284.842072754 4.25495212599
302.325599072 161.602120445 2.59924988029
359.65547568 148.70648017 4.38700339736
121.497027893 304.442190085 3.94579231042
191.636580923 119.630783757 3.7717708011
121.452312128 157.627946231 4.49071684862
283.537249859 24.4900730729 5.18730298953
272.811023339 103.17956752 2.04413943853
359.1316512 303.308802623 5.97125904572
388.798217601 360.977164847 1.9591535056
338.611973216 8.39963587892 0.473537065974
157.125649165 273.796617451 5.31235426216
243.410456962 238.40463677 2.06531317363
