0 60 80 0.7853981633974483 500 500
185.288642117 317.059733708 1.38563904418
418.483142267 228.618057949 6.17935538664
386.524409813 21.8538173331 4.13904606758
353.088271526 170.892936194 0.729287260862
258.753736519 301.35214999 1.93857272905
103.348126611 316.619372637 0.581718534254
23.4768195049 50.9213694783 5.61186053389
117.489279345 421.518425384 2.32869241503
222.428821607 301.29371685 1.7125680637
137.374849435 186.923347617 0.331878951108
256.940314164 283.228052922 4.82423998452
222.632764353 245.926069508 3.86219607256
86.4713979903 273.550932994 2.45711229964
176.683476596 280.130813817 4.72459656486
134.119603838 278.752396576 4.96363602454
462.495620328 211.905224132 2.75070081199
283.229519772 274.052320253 0.688569543899
253.058471094 22.7560833055 5.27136234646
322.539795869 105.747260552 2.33900515047
138.677080907 201.130133781 4.95837789112
324.595519748 136.621050245 4.78953689418
314.979013178 337.711493434 2.05747436056
447.359152239 293.773118421 3.30243288999
307.583457727 204.514140089 1.09568581268
110.799542877 379.679642584 5.76914159008
447.785409211 92.8912485546 0.188727247013
217.013546187 243.23850454 5.71229581618
256.859930125 170.573362515 1.39542036698
202.210600907 86.4427423656 2.54178652006
198.008148209 223.176556532 1.7801425795
246.474315006 218.389571281 1.36117939485
249.412134418 123.45260532 2.03945796743
468.021194222 217.334465553 3.98128561649
194.906169916 291.535665919 0.971794882586
141.164767498 287.479868192 5.22762586123
189.620391499 205.721635685 2.16265883733
163.804537994 375.514931779 5.88755091197
273.038806783 302.901015664 5.4083189544
281.206154097 220.680747099 0.0106778036034
370.440347336 338.228850449 0.21675707773
210.587070816 216.284269287 4.40352135524
11.2763869279 336.637915244 4.36076737677
435.100603924 238.632930602 5.50604321031
187.828084609 319.223222662 0.403859890225
230.711147819 332.095785632 2.44639212672
149.030846629 166.449523442 5.19041555724
60.4145795392 143.617431366 1.90205708335
161.578206976 138.76567729 1.91309561815
372.531369257 327.555171713 3.03748678264
323.202284737 234.319553708 1.57897458017
376.9840431 451.737038258 3.25375274805
253.808598148 202.110046404 3.47844786905
125.521420848 113.589107372 4.41289327724
243.223157102 257.031245695 1.9753738139
327.45886952 131.123924242 1.48050963982
394.777902385 217.043062849 5.64178992339
217.482731767 270.481061935 0.149783452111
303.974770132 245.594034574 3.87850965556
276.3526624 144.695111347 4.68668463735
282.828473734 268.860791359 1.93534523819
