0 80 80 0.7853981633974483 500 500
76.3123015412 257.177603139 6.09869775467
262.776978608 373.191391556 3.36605302128
236.712306923 200.612045476 5.57158186428
124.233680919 269.164704102 0.916208244025
354.104855612 487.291752071 6.18204761906
245.030808166 200.080704499 0.431064831086
212.606315742 190.036548058 6.19023060024
160.37700983 82.1888689021 3.75499149171
346.816433205 218.232167191 1.9376053787
26.4075656135 229.521259904 6.09849409318
498.156659818 134.831886469 0.261368463579
308.473454765 178.037703136 1.5839668052
203.778907063 158.307624887 3.84746769574
295.119578979 83.4828439968 4.42069196889
210.444366654 240.527429865 1.21602961827
175.960979974 340.525286721 0.215268446101
383.305664146 207.59809571 1.36410393646
367.454545872 373.624578285 5.65673534141
177.480610327 104.773331935 0.0491322567161
66.4021519765 72.4990246967 1.82377033667
213.100598246 236.53417488 4.00515633182
202.263519679 345.272033738 6.17107396092
424.529775814 238.038193629 6.08647271502
355.914262872 147.158047162 6.18055280124
144.858896864 318.72467393 0.360901205954
364.806750493 271.573870412 4.09311427261
327.620221072 284.696573741 3.20343092415
256.984318002 225.124493139 1.17500333825
26.9822940163 142.073794457 0.333711378382
189.905265323 149.719406595 3.88996553958
263.893840841 280.927660823 4.78142111434
103.543308096 292.96216609 6.0191536127
252.71455661 194.725040029 5.1126469538
284.880220651 229.916188414 2.62823710435
284.298107775 203.2320399 5.99983870709
224.381373142 271.121436011 1.68361344122
25.0982138924 428.145305138 5.5647403352
204.046868371 320.416572031 5.7657524374
145.198158206 95.2564457151 5.99978825899
459.557643351 264.382145498 6.17113021591
385.576019517 146.056120041 1.97066158728
286.317372637 273.867288575 4.41962692595
193.206846976 217.738569319 5.32714840416
298.894839873 246.213688804 4.05117135379
225.084934549 124.027829503 0.664884450219
359.080290323 323.009675864 4.06167288306
247.014479902 354.956547675 1.08043356939
216.120562289 227.526626398 1.00970691621
276.732709264 399.849115338 5.41117103607
433.465792306 84.9215894932 1.22730342836
262.181436344 398.401102608 4.8572364804
228.392040751 233.575737011 4.13096436688
303.845293308 147.50703941 3.19992856297
229.032736678 200.377957975 0.298182126869
38.4761448591 336.795521409 5.33155419152
388.599623596 18.8860566021 1.02129082408
292.36363477 282.324826696 5.45181468429
352.599472726 141.274278261 6.09216995645
86.3009375771 236.134313626 0.315584796665
355.189745456 431.07184399 4.65581668846
211.287916436 396.148531214 2.86792872356
75.0405628236 125.198216884 5.78992197766
251.519724308 1.92600599422 3.34958365965
458.545328927 319.355231447 4.24502592952
211.828917476 202.490325222 5.54685346584
206.322650547 373.22709956 2.21444560604
283.997174684 334.28067647 4.01093661634
386.989138569 179.162057811 5.97063395211
47.5341637225 275.483468648 2.58976981508
160.735505688 15.4663264737 4.19216348467
388.139921412 139.000188403 1.30571218869
235.185033845 242.297660124 0.51620034053
272.88646222 176.326426611 1.56145964523
84.3171439816 269.271084211 2.15085250222
250.097715654 331.181836013 0.174138079481
357.793052054 85.3396221515 6.15154990948
307.880537753 288.996337446 3.73761050015
374.303625897 363.794534827 5.36050596202
394.168196914 181.420350133 4.79165282496
122.225785268 230.595826019 3.73157941312
