0 80 80 0.7853981633974483 500 500
169.067356718 219.119288655 4.37773508529
187.087438776 419.93354367 2.01278234332
195.073239687 167.899788169 5.13847534647
173.333264461 158.355685809 5.9141480109
431.41026991 257.302801053 0.264226167781
322.20285403 361.974430034 1.30499330335
150.784632071 274.737625463 1.62918954994
288.825035288 62.7152942828 6.01404031017
208.452394848 316.83489852 3.53464420775
390.256386364 253.396899565 5.96041142698
378.486259236 374.713035463 0.345443812116
108.19128237 310.18817213 2.07621910668
206.728375051 319.952396755 5.8221134837
384.783427537 262.197466481 2.47179811929
302.359519116 177.08123687 4.17215363815
278.005648373 314.716826507 2.96055875039
136.013432071 214.042524964 3.33247066383
240.853543165 181.213624678 0.21355998235
237.214003081 184.789726745 4.19958102167
257.616866306 234.519710958 0.162793598278
189.178698868 269.726352425 2.03614945958
315.229956161 271.556690834 4.98311649063
233.960158864 109.998535223 4.48871365555
101.994974803 285.934567601 0.539281106963
173.856941047 218.753162452 3.89704784219
220.470143367 276.111340735 3.07486823407
204.587705347 248.195406477 0.351057520328
164.911558192 101.618579158 4.19997066863
329.397047352 388.302013065 1.27599102405
66.5056009233 336.332996578 1.77409383458
280.443776385 205.161129341 3.71721502848
190.727497946 156.016750771 0.851439634502
422.393753128 248.600714741 5.28313301153
147.413647798 430.336807334 4.74973574983
240.560521392 145.837092837 3.71106436971
306.610394436 279.891095172 4.68101948348
235.163516229 81.1235191918 2.23799249767
173.144571117 189.506799939 3.36797973478
259.939977461 222.898155128 1.28745694246
284.763016392 336.385261345 1.93100764665
245.725391807 317.087479995 4.7720680355
240.582795779 322.155057504 1.59326672941
237.721159881 16.9031609907 3.02146174752
176.20645248 438.559938579 4.38212827274
158.502656956 377.272573142 1.82721832375
451.560485147 387.123667914 0.362386785272
225.218898364 204.356235259 1.77057914559
273.43373062 210.110137615 2.41538899212
168.946489797 287.769587293 5.86430301123
213.521134061 275.432329607 4.53652290226
367.443734267 353.337816662 0.514390397899
191.511567684 112.46029501 3.56443426389
310.658418904 267.178788753 0.683158108008
245.528907002 346.424663686 1.25699310215
296.629705294 107.729854545 3.4606028374
326.692742739 457.680041172 0.664553436784
195.608453838 362.834693603 0.921835090874
222.600450673 217.297389101 4.81684336016
306.081418994 231.036257934 3.58424567272
167.286143867 369.146229781 3.66883197304
157.488400683 311.591123704 1.00696279798
342.148141203 164.781032902 1.7927730349
123.712491395 243.126571239 3.84751148071
459.086239752 366.201886633 4.98652499447
451.796550623 287.296498658 4.95921114016
322.079439068 278.945328306 4.8016649544
200.963861068 188.096129873 1.25153071295
190.813792859 374.139508185 5.20407685512
351.574123752 202.201569329 5.89464573758
304.240870906 341.28430551 5.09604556488
257.595377232 225.130821946 2.44390637444
94.5140928614 255.949922017 2.68528493609
423.590191694 401.101930341 2.921074128
117.812488644 89.8804757585 0.364834716082
204.244515964 260.936434779 1.82089106044
164.264630288 167.65581443 4.91040137094
148.460621458 228.923006332 3.64929472653
288.657737241 270.18950862 4.81194870521
337.877576325 243.928859516 4.87240714941
270.625810284 336.593281896 1.52709118507
