0 30 80 0.7853981633974483 500 500
195.710022964 266.046007101 1.88283295091
344.439314434 199.589500252 2.02859975624
417.965295024 311.697683784 4.43820251678
288.552343342 79.3566893488 5.73041172224
234.623450316 333.50621635 2.63405931217
325.242648625 309.003108836 1.89320745928
336.018808529 313.035588215 5.78830169799
256.881098611 280.251738108 5.51525356491
31.4735410743 240.998810978 2.38317327632
239.558796467 322.836454362 6.15547873087
306.414014382 197.293535789 4.72176331926
130.513633795 284.921090243 0.885213638609
254.941467533 176.854840954 1.77788652709
170.0624111 426.56144478 0.122250317406
236.489150298 270.910623416 5.61183995799
202.639851768 23.2856949604 3.35688969429
222.156509902 273.803999197 5.22612753649
330.047472833 399.503151161 5.49559065649
164.249381261 177.751975247 1.3303485708
306.529247198 265.751913791 1.316837136
231.298096788 199.456811302 1.14962908378
184.521461177 335.524063532 2.98951137566
345.165031521 90.754432963 0.961932434031
128.453078501 114.243889858 0.0347326842969
340.166629117 207.217281519 3.52176519587
300.106241514 252.072566008 5.19152597614
276.631990422 199.881599745 6.25343334451
276.1267339 129.14440986 1.46797148082
133.773180493 196.257894071 5.76127762663
310.480058843 3.81762684862 5.42137425138
