0 100 80 0.7853981633974483 500 500
290.516115668 369.268884921 5.08445325483
265.394603841 226.682243985 4.62998891767
342.470367411 101.921651202 2.43925068264
136.476432966 309.112381904 6.01183372552
94.2435078259 240.957214126 4.55043245444
223.447644578 278.852624663 3.93012206902
262.477838246 242.671525992 3.69517042324
233.38914599 167.546481875 2.57222822897
256.492526551 113.335336138 5.67106601658
100.892642052 169.56687739 4.29062306439
333.886250989 215.911221578 5.20866506517
314.973196973 363.91350037 0.11840831569
102.380814752 225.28884614 5.62443276631
337.137313402 374.369010873 3.12036708163
365.551757533 288.335591102 2.02098769224
247.817210372 110.208640308 5.43129123001
365.815215923 198.16440533 4.96765276633
232.945744033 437.074488485 3.32493165905
394.895744263 315.923455608 3.082253238
100.231211043 233.998917103 6.00022709213
260.182654259 170.201464516 6.10348695679
283.520468752 369.120724751 3.54236863754
318.456052109 170.198923536 1.91417507728
259.10771403 204.298340551 1.9298560318
76.6363860724 204.650887773 4.27030273469
83.7759458965 270.920732101 5.66303068675
285.47964842 460.02061531 3.84414354084
225.556839083 317.709516096 2.13277370029
299.518566404 187.111729065 2.80195112504
295.764953779 178.095556457 3.03092915507
195.336768784 191.763705772 1.33859958109
279.250197591 129.104265039 3.81196183535
272.998574326 339.74114759 3.67143140869
493.769467698 183.056686076 4.54917721399
325.593994019 157.129673686 1.61157736063
245.064394051 267.577832783 5.4528504195
64.539469171 373.727689376 6.02561962923
322.087505373 374.595439246 5.66677119538
198.373225016 200.473505177 4.51210418736
368.785803724 27.549330403 2.52844427033
217.251520969 295.11098354 1.63422129325
388.916158389 135.646394096 5.18687153819
260.838044359 303.438642428 3.01064634395
124.049769245 339.080450323 0.223527768747
138.875910907 333.194944119 1.04473322897
211.980993418 359.857038391 1.9964826533
383.29315852 257.641151043 1.87436538189
427.960363673 295.902084377 1.81815610397
215.880836986 477.044368939 1.06773709468
290.409301589 251.710228992 2.34544605338
45.2160786174 332.518862567 3.67286100014
215.227692369 194.307964007 2.83749699649
72.2076061058 198.486655545 5.11789867481
206.307443358 438.897619498 2.99007662809
328.192534925 491.346721188 6.14904993512
367.904121503 10.5470732013 4.04930230467
128.345764382 359.244791453 2.59874322345
160.703822222 161.076729328 5.7993500308
250.77685366 278.57576553 1.96172821582
220.97100808 99.8256532154 6.04328419965
227.195843495 107.524191902 1.58921822397
193.584307304 176.727499233 5.10931350661
326.26735641 303.324131317 2.9582626397
335.802463025 219.139941295 1.29275505163
122.094737872 334.084590987 5.13005856355
233.929373003 230.384202083 2.68344406766
202.818008363 9.37054949282 6.24852756363
82.8537948633 323.869641612 0.78390319816
459.501448521 225.733013939 4.79992101159
335.882887524 61.6519092165 6.20215967156
169.978364429 239.382668484 0.462934000445
207.946743252 288.813601073 2.72937879955
215.495376296 14.417140507 0.418558614387
44.7545165675 140.664254417 6.18305626391
464.767939523 351.156622959 3.50218160428
127.489937253 226.652339793 3.9571341409
439.219696657 245.784650867 2.46271412889
325.749176288 435.800939412 5.22845229141
405.992806585 354.211684635 2.43907648615
198.659094254 310.516870858 1.30727689838
391.19856784 233.784613313 5.65945878647
100.919591598 185.995047597 2.55303599727
330.651165566 308.329658519 5.40282341297
156.577091776 208.421877704 4.86252614228
137.386276432 58.7839094297 3.60026602183
249.812162449 360.385336384 6.15591670125
220.541892042 179.524880372 0.536949990097
202.399431759 241.440408349 2.54086554449
419.18186498 63.5440672527 1.71768448062
313.212179246 182.142052904 1.90403688597
328.198880992 95.5927675076 6.06688916584
368.112147462 403.071682397 2.94620422766
356.799850771 444.462955718 1.56420400983
80.7442991827 352.19736817 0.200941020578
301.243618938 150.782702887 0.559691053194
345.541557451 157.050770951 0.0938211929965
157.747853852 233.548900949 0.696180594745
253.796365827 177.315691753 2.78563405655
203.439620702 113.699136524 4.32759902885
126.722984542 360.691895545 1.25634444207
