0 90 80 0.7853981633974483 500 500
287.082574575 156.236862401 4.63510239666
199.117336662 22.892846331 0.876763909368
180.509536779 21.1527916216 1.38759746842
90.8305536817 39.7310719295 0.551433330962
51.4279034964 375.988707978 4.01913256483
350.110648101 350.616283288 5.68604101337
129.726159609 45.1826588991 1.27530833193
394.005813599 12.4034119292 4.08504809183
391.667589445 23.3325081673 0.958505684758
62.6908421766 107.662487958 4.87029252365
374.406108374 224.777478367 5.59461550702
74.5673905271 295.420144874 2.5380315711
70.1073954526 98.2952402159 1.77850160381
29.1980674304 174.483639208 1.62045613518
2.88075011084 187.444064969 2.33594034751
149.106583514 357.201975111 6.2219056327
40.318914048 193.143759175 3.66576327992
14.3958597459 226.958148251 1.9960880612
102.043918822 401.026056033 1.28017368847
66.5026739619 225.342250178 0.0824335670703
451.45511478 18.8644923617 5.83948793408
23.5625114966 4.14576692802 4.25008547634
492.319283105 186.298392916 3.03398553111
262.683247771 41.8901546325 3.04117649796
209.795841564 84.4598709308 4.08916663807
26.9428983006 421.551771158 5.01825624666
98.6381058146 453.456382406 6.00302994031
284.284795205 326.097841345 4.66488471239
3.95852503815 8.14665713437 2.94850875523
475.466866343 86.3077181 0.669331034846
132.865029921 23.7772520614 5.68666550567
149.852882544 70.8369897561 5.03729805942
114.164814395 26.1517750573 4.18276988596
190.476615111 35.8456426022 3.28244309406
24.1193085521 84.2386974104 3.90058044954
170.539985055 389.932808588 0.123807156507
10.6638543333 19.4459165777 1.96769950473
113.705107125 222.715676976 0.276918726742
94.148781915 200.937722002 2.7145031831
50.5552638567 433.52690152 5.61520578195
366.661671678 378.807425395 1.38198282053
258.650732435 325.490530558 1.79865987925
46.2000249754 147.423560324 5.52290962577
9.82877837952 56.3142381255 0.297301767402
41.294892468 36.5555238287 5.51194760705
35.7294508297 200.548159127 0.958787034429
85.1408847233 400.293273973 1.81346017985
221.488327566 201.903838097 3.13129468655
56.4125545649 84.0693548225 3.5171076296
2.81449176442 108.295644024 3.89982398601
67.1283631133 180.340847957 3.46087257329
64.8818892799 182.357957195 5.89319502114
241.762778703 261.161544492 5.65569426842
152.716365737 326.659228507 2.20941098112
59.8052609071 20.7221883185 3.05341059109
173.07714858 7.13537826039 4.1864831313
141.700988945 23.871776054 4.01151675916
2.875070639 127.106444324 4.43738563656
114.220254563 202.448721039 5.31652613659
65.8038671283 391.943252432 0.552185957192
58.5833855304 461.611977411 4.08296370427
188.094261429 142.366051149 5.18596351797
328.726856677 147.021863725 1.18616561098
52.5506092382 329.700604898 4.61006188033
140.426881884 262.323289751 0.173110700701
276.184672262 418.820569705 5.00792203951
97.8128313404 378.664765483 4.29067782152
165.345363231 196.382720585 3.82766481514
137.201667679 59.3211936707 4.77130245474
97.4487659445 20.1055653904 2.24132163831
152.576249579 70.6639141669 1.28551429557
310.106034959 199.634876877 4.19472482927
133.08184721 65.1771271532 2.01953988195
20.2214621684 16.3400975344 1.96121832
467.334463229 270.716450536 5.6675532428
390.920331435 97.9597664937 0.529173073227
31.4872135808 94.0435668986 6.17310130678
284.692679335 70.1728282069 0.229811204838
146.461361521 388.968648159 1.59002469748
36.3332507358 398.07009626 4.87667645882
273.872148924 368.64093755 0.369188979059
236.482243152 315.162077776 2.15600582077
122.745263205 398.690031016 5.19588491651
37.0821008308 123.835919183 1.75527224946
220.95404021 112.075845492 3.41433475819
169.841645073 65.4069062903 0.495817300996
25.3717778262 44.4244916058 5.22438653404
66.8695736161 376.103477838 2.27127435338
96.6355547577 442.720494429 4.6221208859
131.371043265 97.8614136232 0.832686372862
