0 90 80 0.7853981633974483 500 500
251.616691576 136.555934745 3.59165571385
443.859791732 84.5192271917 2.81993170471
30.4138770285 63.1731885611 5.68370443074
171.572717039 87.525680977 5.97682846868
355.4638951 370.717987946 1.59131683569
236.505183404 7.32906900547 3.44787085068
5.34866679801 224.366035902 2.20497532539
10.8773447679 71.5187601611 5.66160103589
82.5541333329 171.885806666 5.70024755129
10.0753852909 105.071009194 1.08922877297
196.362484239 143.619318991 2.14394757469
149.635280189 279.769468673 2.57776717918
336.853083945 0.43512628193 4.45702460058
170.546054211 56.6706426023 0.260771586438
227.451075423 148.682723848 3.6708447681
193.131070804 259.981543094 1.95441882216
120.66300694 294.905745375 0.708409069206
456.139795217 256.886617857 2.27982493152
386.713824959 232.951066046 3.43014989383
51.654590287 248.67022558 3.98186889784
44.093408979 385.211656757 0.370524167656
98.7259389168 234.509993052 0.214775318074
70.8002777424 237.539151676 2.59645027811
45.138896073 14.05277849 5.01236687119
181.19780008 440.451136137 2.45805747237
25.8878717093 103.066761718 4.77694391695
407.125516532 178.685130621 4.29879276735
83.6728096748 9.96344656057 0.224228965923
474.231809742 196.578643597 4.68903108819
224.409071875 258.528830246 4.8022157125
72.9232317843 73.3221823922 0.572396069114
49.2996357382 259.911974578 2.61487575537
87.1887266382 435.971653879 4.65000591606
201.288317421 334.095413386 4.3589107837
31.5059056748 130.85759329 2.4806671044
87.5549938623 158.37670684 5.20300667206
278.032065144 41.8037362502 2.4638094326
258.878367243 319.309931941 1.00925947364
221.842527427 237.799361104 0.0993150058281
343.875944277 49.4080185947 3.8398586277
81.9317772772 119.444528634 4.8917004281
430.667921741 18.547665624 0.438124732687
198.833778752 318.067679607 2.27594015681
295.585831941 59.6573468407 6.04201997164
112.218356108 137.567878415 6.07173193838
271.129176297 145.167066171 3.63120768578
219.674429866 149.856594406 3.45156674721
423.673720373 162.514965455 4.98115950743
310.166562583 440.205626774 1.2372005636
154.688006274 423.636400785 4.7190732237
24.87960477 322.033101941 1.45441401285
9.8403639407 149.059610366 1.30492927238
24.6430353971 80.5117116936 3.1207866433
31.8087178429 60.8339690282 4.87269290467
178.202826535 93.6736463817 5.59424955276
229.73096251 72.9406554975 5.64451920338
497.445660762 269.622553472 6.10800377396
254.615585505 301.680103652 6.06394701338
193.396708466 20.9631665668 0.657267261521
36.6621060391 95.182199943 5.34601299188
0.980696758264 359.451822552 2.13687320908
442.085303642 74.4053930613 1.55922581275
161.368310869 244.507737632 5.74577537771
55.0688745786 108.938156579 2.16091049049
433.348167804 481.417354033 2.00041862281
54.9969926073 135.217319152 2.74926784234
10.3313222722 276.886107666 2.76125841965
363.370945399 419.217006585 3.58280134023
473.037465488 191.891146637 5.58125960152
58.6998798767 229.909610089 1.58933217366
4.60986160903 38.8419405962 0.695653103238
196.74080745 58.1928843326 5.40248945074
50.5434816852 330.338501319 5.77184651994
0.314831925498 299.709779191 3.51549783607
55.7776851781 112.939722754 2.63304098666
9.94906281389 187.198327958 2.40998255651
38.5787745949 77.7017632595 4.03852452189
48.9883720182 474.13923297 5.35634101543
243.256848329 180.112899009 5.01772992127
26.2328838554 324.877204095 2.55197915317
42.0248632826 386.697850924 0.751509336925
54.9793353747 78.1895973713 0.725015310936
242.465664064 68.7353799817 4.05421609985
47.317965502 38.1435462909 4.8556057008
296.550055959 151.684894199 2.83867274274
32.8441408235 30.6376042806 1.92563768674
63.9874396559 437.427112734 3.35210118135
66.937075205 81.4231474813 0.503105108921
396.793883755 13.5699897128 4.15739356602
212.115419548 418.870702207 2.72368168735
