0 70 80 0.7853981633974483 500 500
283.937435886 404.220930392 2.74645103081
69.6612017468 254.330298733 0.391897774085
115.001798475 281.692655126 1.52723853124
40.0669775227 402.73326717 1.76143324206
114.062739408 432.180472086 1.38722423878
362.524136894 180.770707683 0.661258366051
39.8901359113 91.9716028681 3.89738420828
112.814919475 157.050414366 4.90877293832
230.870134913 78.7396492746 3.78374823836
336.901623634 301.380198998 4.63798011177
36.9244220243 30.6651705336 1.59243552702
6.12660604557 208.616567079 3.12686561154
391.381023539 244.137119125 1.43204258302
240.143283293 498.13513775 0.914515626639
288.642113183 27.6308903457 2.86452449551
122.850895461 185.304767098 5.77483705449
51.4099510842 17.8564264926 0.552773972421
364.502936314 103.678232715 2.54073136338
250.370351213 131.468753934 2.13953547094
29.193755691 384.179060085 4.25700714753
347.916444789 225.150250851 3.05334711897
397.857642774 311.506238926 3.58595384502
39.7760293021 20.998835686 0.916571135317
126.805017425 125.561648022 1.72926684883
73.796949312 209.227277926 4.52209809933
422.371345636 343.754499596 1.43384186421
35.7978306222 496.739482116 2.91951678631
162.921419064 344.695285523 4.21601010413
5.00585422942 327.497018465 5.02465098965
55.334755563 10.5025614867 3.24035520383
74.2331905715 454.97116995 2.38533643639
389.374695907 9.88239277497 1.55758115064
25.6837556528 249.025221222 4.3443805724
394.004089663 310.259767748 4.36746914455
29.2769184381 22.0380558339 6.06643582386
62.5766431055 208.442558471 0.383895393285
62.8135330572 115.33779845 4.39624563422
51.8571641656 254.921722644 1.75796280528
35.4672496726 5.46374006903 2.06646269504
274.690696003 13.6230016594 4.26496790514
339.009066849 396.98168307 2.79484730467
271.885913918 186.445360727 3.15435242751
84.6224428066 186.899697678 5.53343131972
65.5316287692 455.515045978 0.0209758354939
101.982056845 71.6259961911 4.71930995085
86.3186760388 117.214887918 4.54094775798
41.5001589305 318.483532359 2.62482871056
13.9279725467 301.780386147 2.3208741546
2.1348635806 166.609534524 5.89544963968
131.206809165 162.645827091 5.60654323712
54.8258304466 467.747817434 4.61652133697
139.825674881 96.6491370202 4.39406007775
118.651520173 135.225039609 5.43106664933
127.688971961 69.2780017226 4.01560863752
161.926309933 220.883300355 0.475450101919
100.598439282 48.7500711878 1.16066466315
352.857804051 18.9230207815 3.9936724273
137.177246815 176.421887345 4.88775701741
89.6909982991 312.883965475 4.3677344297
15.4618912844 116.360730761 0.547367799993
440.037594314 427.267977827 1.28319436152
74.189386763 136.879792775 3.07583756002
13.9807832098 84.0314991692 0.522086574205
262.88050359 142.335251346 1.64513573293
50.4412699221 36.2030394383 1.09324311317
169.364540823 42.2147453215 1.56760891181
92.6203208772 95.0768690893 0.896424005139
23.7402126256 72.3992600251 1.37631652896
449.775771908 157.821943659 4.11742828467
211.01853661 176.855203407 3.92755100773
