0 80 80 0.7853981633974483 500 500
5.81229786252 67.4109653902 3.53030121427
282.627908672 117.327805105 4.29365575362
420.820583487 349.369417384 4.32330668881
408.289175165 120.4112235 2.83485427377
87.0503163851 393.839708811 0.253723244113
397.720637714 198.697887415 5.26505689748
179.942525751 485.932672437 5.23863065909
154.974301786 191.925116818 2.92420803406
53.3523619628 304.251855859 2.53336155202
14.0997559393 116.872896705 1.76632583949
43.1460149533 13.0682907395 1.98489842777
170.227164625 129.897940565 4.06883500678
8.53882570193 89.8587636917 2.57591024753
104.053606993 101.015502404 5.55762803336
240.080350775 314.108376193 3.99408749386
59.9976217293 202.934218391 3.77974046133
276.543456784 66.7536749044 5.91392775679
388.432058086 420.032009127 2.2730349301
37.0028739303 164.869989241 4.70270151021
218.680395492 115.763862317 3.05288661815
192.190124973 163.641052229 3.7953307761
3.17576548172 58.7049855962 4.68733724105
96.2119932218 127.325802029 4.49033603021
192.625926173 445.266419735 4.77216490434
38.2337121308 41.5437894745 4.0425512285
304.3881792 59.341410631 2.39143925984
215.768303156 193.807272228 2.86373684157
314.139660031 130.948787817 1.42102017047
108.048257158 196.11905216 5.24369620006
8.25853620336 339.163010063 1.58942640839
206.488485771 257.357061254 1.65222908727
301.837869398 89.0414479634 3.3668913768
310.661094597 485.028993894 2.11411171251
80.6127280246 294.70451177 5.56464421695
72.7466604707 130.833776872 2.95227146953
267.69151802 111.844946779 3.17649380548
55.3966156137 419.170435494 3.16392683241
286.764992844 9.94946341375 2.54659961912
178.086909669 106.075264217 0.464234731234
59.749718362 254.627520535 4.67815373101
417.272815624 90.5530498401 4.00254932315
228.04725211 74.7803776882 4.35469332917
452.045503034 229.954843736 4.68428337488
85.6368308374 389.683642018 4.86922695696
112.303098834 9.38232396569 5.87388750821
54.8989265665 187.524544575 1.13279266486
5.0726101194 242.691984421 0.239360716715
5.97088603664 272.358803643 3.98974851361
196.012773273 81.9548707766 4.73014882171
139.924762754 36.6178527313 3.93747229988
418.020775354 198.562975016 4.20134663737
49.5098301099 26.3599763109 5.34402213224
271.348631501 281.137722404 0.435336844396
19.8560452095 290.651077526 1.70495318166
1.66789325164 27.6412707424 4.73901141182
50.9857403723 102.179689118 1.58232501013
105.184909186 186.875991333 6.03038986801
382.628898776 275.876750018 4.88970935861
393.848809605 144.241743104 5.55137619178
368.79684488 450.82584049 4.83359636215
78.5300487182 161.72581772 4.6010263876
149.913822224 225.580114326 5.63626987284
287.825880106 108.119832533 4.40270466003
229.687986963 82.4367159671 3.62096082674
49.8464778807 37.9559462376 5.33986583867
291.009851379 80.4010902067 2.30466648292
52.813011524 81.1528571385 5.17019523496
289.27229566 272.266646441 2.04318110327
36.1788300607 298.245217844 4.16437765699
29.4971061747 97.6488711724 1.20037084422
32.8098777288 23.8141610912 2.84611504873
257.166854554 34.0115915758 0.512581047862
70.4000393019 371.622468119 1.5898589118
22.0666189771 179.356721976 1.42371345769
301.159492995 479.392205073 3.73295236763
311.243903822 129.898901699 5.74129170975
61.2379188823 125.581355625 0.0838182936441
29.4281404256 50.7521029148 5.40964956821
224.066104975 52.6841532763 1.21866956098
1.85574698301 193.555078995 0.325866827681
