0 30 80 0.7853981633974483 500 500
373.159806683 46.0265807127 0.505226880563
383.648653114 66.6545424407 5.75670753412
226.861940559 316.860915076 3.29539241637
23.3328705735 103.344380515 5.66955876103
29.0758999503 292.548506568 2.88849856065
5.62446721168 88.1707363935 2.16197181961
377.73747167 19.457709489 1.75860308921
8.1500925107 88.724602852 1.24405846618
394.373605628 144.11061633 3.77718788279
151.729090342 130.750928563 5.41994295475
5.13923234008 204.425481432 5.11200092634
81.967243624 153.587353986 2.24236816553
26.6237023679 124.74671241 1.39120974508
282.252569159 461.146683041 3.70468823216
307.048840559 188.646004413 3.4159156658
31.3283196411 73.3247884023 4.2890515986
272.321305446 17.7437282739 1.15445106173
127.192282158 124.663796654 0.236605731716
108.950452037 36.1948868235 5.30596413104
85.6506147512 235.603020992 1.96046333422
301.821239187 158.24089743 3.91362724124
24.2603136144 87.6754583668 2.28206582617
394.277963138 94.673608933 2.18047658718
99.8032447761 25.4496077778 5.96484113745
52.8464437306 198.256608669 3.63371148011
119.342150234 242.622388046 5.20068222612
40.1827325269 160.25199756 5.23073363469
192.707946921 360.955347096 3.73718564345
373.540729849 20.9179129738 0.409230621677
160.262323906 83.8329335921 0.152803741799
