0 100 80 0.7853981633974483 500 500
19.3518247047 182.330618075 4.53476348491
197.102142704 59.7750509558 2.5257137942
7.80468212233 5.5108231965 5.00496053904
228.169995157 72.2557955282 1.3889790132
26.6137450346 137.795024544 5.70017020473
211.023209376 55.8249821587 2.82239686587
99.1824855199 467.412508619 1.88013080917
368.125980545 279.305491357 5.30674903776
213.299473555 195.507060563 1.65243203689
46.6509631596 241.631201582 1.21799207714
336.577617659 46.071465606 5.18509609021
4.83817331282 9.68472038209 1.43972498684
157.943910837 322.328855313 0.0956690914908
33.688482381 304.211806635 0.633290284368
83.9582118563 480.49070443 5.78810921612
148.868166918 46.0942354409 3.68423906012
186.068717474 2.79104546828 0.360984995444
3.66514574799 69.9583612267 4.35863032851
260.934007699 140.389078946 2.38635295975
223.974614362 214.927241198 3.96782073095
37.8153310564 1.88660439381 6.03535341338
66.2102178704 148.078137092 5.31306658158
132.181627822 384.24789009 1.01483379488
215.734054292 348.620164794 6.19396136117
444.537622516 229.927537903 3.22163671861
175.626677372 166.753647517 4.65717841302
62.632643821 7.90191669602 2.78563791014
454.280011944 5.12935574961 6.09081841638
385.81758854 9.18216573955 2.405072573
447.897808361 152.244483389 5.51301369512
17.8877504343 477.607071793 2.89931184147
26.0533622566 186.8524735 2.42487786159
210.536867389 59.8984450005 1.85556960678
28.2044439389 234.79526302 0.103038105945
4.92891260543 8.64802965387 3.73869141419
104.995495327 97.1029872934 4.28960660465
102.17569584 46.6719156347 5.86877229273
2.48585933074 324.799389446 0.916433079787
226.543478744 244.352269954 5.03670780797
16.8902743306 464.922227149 5.66053145413
133.91819009 141.092582848 2.50492540997
372.084587242 45.701815657 0.467738602767
59.4014391872 244.537142814 4.79694440631
137.128428797 53.9548886126 4.64025354365
134.266718389 53.0279229003 4.59039692987
69.1569030984 142.971131566 2.68950615497
107.891875421 54.5378479407 6.21204551074
19.3616163064 39.6574696747 0.51698900156
10.5824692602 5.36570803686 1.79914964563
244.163656394 371.075314876 4.88619584091
450.877954046 341.048787031 2.20131893078
284.657951872 199.069252725 4.36726022055
389.159477015 8.1067411643 0.985213976571
140.93199999 439.533166286 0.610068922214
98.7107840443 264.490655813 5.61701805767
440.231286085 67.2419777192 4.14868895936
28.0647741608 114.324235369 2.76819865754
84.5947971025 256.715809098 3.4023966571
80.2818455796 189.815626952 0.313689966467
114.073255767 131.033966884 5.36774760004
116.73842017 97.336802472 3.304820635
42.2159931897 428.598361031 1.84815399811
194.126532664 56.751958464 5.7346789354
234.832205816 222.350398824 3.18611789169
452.966505179 420.798928629 5.85358205392
3.03504150355 129.015336928 3.56267470927
55.813332634 469.279314848 1.25317667848
201.436754074 322.720080116 5.11509952933
141.081536393 420.773481519 1.52281832785
495.876731089 306.876808766 6.02513831061
264.499318058 118.204561787 3.27358212105
122.467250988 11.9777113685 4.27851348692
8.92554746231 92.5740732507 4.854478801
27.642935611 126.953419727 6.17369304248
234.284349354 73.5012610486 2.5675903573
440.508054501 31.2259867736 2.73249482175
297.760627127 12.3439914456 1.34085970968
355.934435476 176.950876895 4.432222773
31.6460780195 46.4238216848 0.738085286521
79.3400342045 82.0071253097 4.18978527862
102.446091162 300.080573247 1.84647155149
188.689709163 182.464744946 3.87981563371
137.641840319 198.916458364 4.67299921676
117.560400056 113.53224315 1.34491375523
127.935519734 341.724325478 1.94261740406
121.706838903 36.2449397158 3.36211684056
159.18682072 65.6634205472 0.0891212374712
395.901468617 429.48942718 0.695835188421
284.805149486 48.0483336976 6.1455715098
464.228596107 316.332628325 6.21845391145
32.6390507268 316.621317159 2.77215075011
397.629837899 161.494865754 1.21908222371
92.7724679117 176.518633593 0.486983983867
113.978028301 237.628808738 2.3169259681
92.8600878099 73.0518943556 5.75358963829
273.467188687 357.152905486 3.54422345576
220.270563195 9.49329804316 0.775400547866
36.1784063502 150.990027419 5.28724577204
460.515276792 104.161258049 4.54718409906
264.352312436 223.743217941 1.95340728921
