0 70 80 0.7853981633974483 500 500
90.5586563351 26.5556914036 5.53150871919
30.5751024897 28.0986804264 0.787125911024
4.45095815359 60.7165935606 3.15449895712
235.085196195 155.197679986 5.4344705133
497.827266138 345.704259549 4.18528132233
7.49459209965 256.177058166 2.27497489007
276.952156797 26.1160341721 6.06495934838
66.0588587473 127.280558217 5.61524092688
318.345167813 47.2110202382 3.22666940069
37.4475713431 0.557475214702 5.88818009574
62.3308741908 59.3322833844 0.010573936738
106.119124191 67.5869051551 1.61194829205
228.32785546 327.856528976 2.67159464591
151.622676895 123.394919915 3.24868230894
96.3131616674 155.925970547 0.835584137078
81.5093132764 374.643298172 6.09900346035
491.317212804 28.6563981748 0.249930857903
4.89871030965 192.319859089 3.09160893634
155.272250809 147.486144933 4.87054681672
446.395956423 66.6887239136 0.312538577567
146.080948268 12.3480560768 2.29387005662
118.721911108 113.076306802 2.91853850009
357.004491321 210.467010335 5.48090145598
28.8895273069 33.0417769968 6.09404918324
147.297957098 315.514979257 1.92474152767
282.648679421 89.885638298 5.02554234821
227.426252304 107.171428856 0.0457221382156
410.438682164 293.050029821 5.64578346459
334.648575683 195.036713902 5.21851845945
166.773073214 118.15845729 5.92026708853
167.426905429 189.338629645 2.59396901929
16.3217419099 186.635348659 5.9395613563
141.677329554 15.1150773105 1.23891765402
183.588324517 71.7504248571 6.05839238679
13.8449266409 77.7993293187 5.22769059759
405.587557143 33.3506080235 1.16772571376
331.474639355 18.3518429055 0.118086739439
96.1722074429 69.7883810289 1.17932128303
75.9924335358 16.6686098089 3.51286636724
45.2653265597 111.823932028 3.01746927089
262.549476312 3.50965213585 3.01208151353
263.787601819 475.842178739 1.47803344069
39.5240574743 44.4306349862 2.93528627154
308.829426364 224.152094647 0.783866772394
133.443215537 67.436615294 4.30461951854
207.923834004 146.570626633 2.00690065139
141.379181257 25.6287008454 2.94111940728
156.133184613 319.864196034 2.30200970542
102.838458393 50.3574948983 2.60251917712
113.534797787 135.524158336 6.25061705933
30.8247054768 187.797916847 1.82242810981
258.100281786 267.703551791 5.77088246259
116.56095104 86.8748538574 4.04402776724
73.9720039707 190.986447019 0.0768635731587
47.0113491514 186.335370119 3.74477294204
29.295065441 2.23818989979 6.2443508895
74.0135095888 168.8469204 6.09103806764
113.724374101 22.7144207285 2.1530374244
235.283294272 166.331937163 1.48325626586
12.7590626866 173.841090029 1.61575753106
89.1136404071 165.405675476 4.23069584643
178.498648249 130.857245545 5.20877128851
233.386983277 18.0021478371 5.41150173002
82.8425819615 248.899408128 2.34734862403
426.982690541 64.9567411266 5.26300292146
140.95402504 452.337623076 3.36505322983
238.796861247 91.3181511337 3.63326556433
261.899309701 76.3528542068 4.13438941364
3.34723547814 71.6980819627 0.281610934637
204.613876698 98.050536558 0.563474091399
