0 90 80 0.7853981633974483 500 500
1.30325676151 13.1868521488 4.60120142683
51.846379648 166.268243666 4.07045086973
456.823176912 50.050501513 1.93678878799
110.005737956 234.389701482 4.42583904839
128.511277605 239.958452762 1.32256091747
129.162047748 125.940200206 3.3558842263
394.107368236 389.843640589 1.44224250113
227.189704289 2.44253110618 1.92336286232
442.144354734 106.911768025 4.75070292992
240.547590162 41.645133987 0.400729388136
54.8629182771 82.123360102 3.38642313014
368.07767911 6.95479048248 2.92084440393
222.469191058 200.007400763 3.63862757605
28.2766601749 273.643683986 0.105777955462
189.909779593 432.976229325 5.92394846131
308.555806761 133.491172826 2.90995997433
274.767284064 178.230708271 5.78209015313
127.800670527 173.614406218 1.34644692055
15.6794895975 204.295435051 2.5116105098
169.378575624 106.410384609 0.955812027423
183.660579657 0.858597070295 2.74753972909
0.190886916891 279.768239821 1.61842202899
117.845382088 340.123983109 1.81470749468
17.6823889139 110.190398896 1.71749848441
59.267241521 0.74869957939 2.48120364857
265.711037892 5.45402802019 1.75685958319
11.6805681066 180.005581518 5.30624352113
215.423632552 208.441642953 0.50638264471
286.935323103 397.617392919 2.52954527349
39.6243598212 118.250135447 4.98552237964
214.257912014 404.483805366 2.54954621866
5.6005955467 53.0880534096 3.55036653161
58.0000417713 27.7430646454 4.97595939795
18.8047569101 190.733730041 0.152627797923
456.676578695 83.0729706794 5.78397823341
1.30059934288 133.552584366 3.06177324647
425.641256095 385.37754543 5.55984020142
185.875100691 56.7227663473 4.4017888948
8.13995079746 74.5740802031 1.00087040335
59.5023940454 162.589234079 5.99412662533
356.685592186 286.804179346 2.27176454473
164.397186512 114.833375962 0.319727040511
497.733917884 140.178375019 0.46078381897
306.501520809 100.909599436 3.08444466708
317.68527674 168.107048855 0.336312652734
11.9608425119 3.30992366114 5.95243536849
136.109813629 480.502616946 2.71372943351
28.2555501495 293.153698497 0.256681625613
73.2731934907 278.369754459 2.29456159429
14.5041330325 44.7317330013 1.93825777
261.561367093 193.861478676 3.71934526836
32.3526993885 63.3064794398 5.23542063229
304.224404293 102.036337876 0.249577676831
398.142904071 392.994119285 1.47347626871
353.889166031 472.393618527 4.98488755188
37.3992189104 13.9869953723 0.951169276224
3.31646343672 338.101868961 4.5907499108
86.1270359494 141.697619004 3.00056724689
151.606542106 314.757224894 4.29732390053
199.368643576 64.0788598696 5.72571359505
491.777967306 202.138469913 4.26017060053
228.095777348 245.003704853 2.21351650137
266.621707379 121.081636493 2.571245131
5.77180513846 97.7235540494 0.942789159938
255.882591041 266.277879393 5.84901296267
369.837389576 176.928321462 0.155958991542
455.814149462 479.141262911 5.75408500155
311.888546597 274.832698894 5.19019916599
94.6044923738 259.203135189 5.53973961305
359.149992421 10.750661416 4.63969308775
66.3263058538 344.269844771 0.607740541938
60.6321679313 47.4580941609 0.456805277337
352.927597021 66.3623094758 0.661605018419
478.856548909 130.41980809 5.33321490515
233.398177905 29.3055374599 1.40842500738
122.051660744 491.35267649 0.812621527804
50.1734886109 29.6211286266 5.96719421384
86.3612455265 31.1484426504 3.95050103544
48.1339967182 1.05158140133 4.17102916818
205.569341411 389.438431821 4.88120381029
305.744510575 447.137896157 3.87228307696
250.426245074 96.4512063854 5.70403708112
216.359121726 26.6305087998 0.121225989136
30.6826297218 66.0905761122 3.93504232004
68.9741538748 136.539081121 2.92888790469
317.653988174 154.18473307 0.241721531142
48.0670768669 137.432054596 0.857254540627
96.3420830494 267.377777765 5.24894860148
34.6354201282 38.3688993612 4.71114965633
391.327884873 309.410649378 2.3230774861
