0 70 80 0.7853981633974483 500 500
76.4278886219 484.048200448 1.79941185647
197.15979901 297.715532878 3.10464131907
315.563332094 59.8902658405 1.3996557478
377.285885659 74.9436138271 2.48629848921
2.55887645629 90.4154550896 3.46867845655
117.621094513 100.148181682 3.58174276725
4.20002356546 173.005082934 5.60155955532
318.894284956 222.029839481 2.89201675121
152.621991813 208.981157403 2.11435938476
275.725201251 35.494929836 1.10191892799
44.7961831968 34.1817373972 0.618267273812
160.856068677 26.4705731801 5.34672701502
23.2034194494 192.240026147 4.02375713055
211.5373919 193.77539554 4.87070096573
187.277597484 44.6414455645 2.13119653021
94.4278626045 74.764773084 1.10202597647
250.037006052 171.400699826 2.53236776004
373.791152579 348.249070534 3.26141526027
57.8427565155 306.066128042 1.83675258138
3.29662291273 267.464976703 6.12634799677
203.765241412 128.718030163 5.93427692445
36.0286443039 52.1370104431 2.42795695864
104.840651282 35.9677984268 3.82818504133
292.301497759 133.055540462 4.45462595636
183.146799693 115.538994181 4.18010155976
155.505241347 247.513008168 2.01048572561
186.923987765 52.2427865958 3.12565153815
197.970207356 187.069797689 0.237793214899
28.0388748945 92.6527306422 1.54654512983
252.851493988 15.4470508369 3.6399181407
124.395130762 411.317152939 3.38190038191
84.8582172536 363.662574672 2.70973324442
49.4401088661 363.606710246 1.51057368025
106.112754376 130.596258175 3.671327931
65.5149137471 378.670545859 3.96822698156
84.2900260465 52.1581344575 3.01450860482
120.307818861 438.548029401 0.813746558441
130.736149401 53.748984507 4.11246822922
295.22083511 327.136092826 3.46627721029
385.838044918 74.6819177514 2.34426316375
24.2515439588 9.73586552528 0.251786136265
3.44381833187 170.667399113 1.5279203061
73.9085923102 147.713698679 4.62566546618
125.730172792 225.397043644 4.48610833802
304.450913448 320.699764536 3.94169672624
159.533439167 8.74749669798 5.1227273282
378.334731236 347.298157217 3.92247478996
407.44245729 59.5599221238 1.50518651964
87.0133599315 99.3496006788 0.33898624045
245.252425682 171.596956988 2.3630404803
47.6906690865 13.1368393251 2.48039650746
15.7822170913 438.766159245 1.5793644542
339.605795406 239.941894262 5.5699469702
365.425228226 255.973402955 4.49225679209
122.131807582 79.7285388718 2.15643991904
132.209367585 213.354658577 5.64419854694
157.12762055 220.404986062 1.13904805184
61.9780430792 339.157804971 3.93346691848
86.0869696371 15.1358316935 2.99993881475
414.250479503 119.507377817 1.63639744688
287.530810249 16.6246767729 2.40106655358
13.6756483355 454.527774585 2.36815632916
342.779288513 9.07787875435 5.05852097663
199.87459782 8.23457057741 2.622666037
476.838688087 14.2335848318 1.03244370475
44.60297382 177.300773657 4.28699185219
96.0752096505 145.445430515 2.89384607522
33.4525740182 94.1528005774 5.20551686316
46.560906139 0.94922437875 5.35125455788
14.6646666045 78.6656314343 4.80653507529
