0 30 80 0.7853981633974483 500 500
143.103959286 87.3716154836 2.90082412921
34.5855154429 31.2996326929 0.804016429315
3.90460494066 120.194462559 2.94609002317
143.950984294 91.5973763796 3.74641495851
98.5899614849 155.02967723 4.02263285289
60.0541705492 110.954595949 2.54867411188
214.468013974 4.97034284891 4.73163261964
146.405904403 34.0141714133 2.12155976495
16.6801705352 107.151509105 5.62997792847
251.895973652 118.063066145 6.05397042972
14.7966603246 313.980327655 0.204029223661
157.219384679 191.03370749 0.399201130091
33.3169929806 239.096615436 1.42422870006
68.9786213988 183.83887774 2.13300091302
33.9146115866 13.125756978 0.150539698289
360.21482043 151.184058678 3.19339364193
154.621778368 195.839697623 3.52861683896
17.5828560204 229.194120796 5.12757171345
336.116175756 267.079530811 2.24792241035
123.475973154 217.645193256 3.41966206946
55.4372046434 143.508171096 3.38657250014
7.25146553335 38.4237385127 5.73170527786
8.04585423109 98.7298815192 2.17056196301
5.44075113554 69.1394685694 4.1896889617
400.820019057 443.26805098 5.10366583642
158.175872334 27.9085630544 0.367309534314
381.462499403 76.9430592461 0.627088284292
25.7991835816 26.9569904815 1.50115806121
151.643826661 106.725745124 3.58231198912
335.956227884 65.7909309242 4.56836251097
