0 90 80 0.7853981633974483 500 500
412.201610641 15.1040911621 3.38773528175
37.2020758958 312.686288408 0.839733193715
157.375373458 144.120443298 2.04488779976
79.987846135 408.891746886 3.16870482482
184.070170573 323.303570196 6.24276022963
198.057108711 54.3411477017 6.19734180265
488.553916104 173.00008594 1.92769386342
198.704304379 196.17833084 2.74512460945
244.455844884 268.489511112 4.39050562091
443.903422993 63.6193942132 3.58269090915
357.922077412 134.811775495 4.89565723404
153.978728816 10.185513904 6.15632858443
105.663579439 267.764769444 3.37577270859
226.226382908 340.382531657 2.14511491191
167.890026525 68.1780464866 4.63817305696
130.989812018 147.19833558 0.911467703934
278.796486463 4.94408670883 2.33291935976
414.141865361 268.970157716 4.3057674417
45.114797133 387.368960556 4.16428161857
264.770888398 66.4986376941 1.40342724916
0.928273401051 208.811793573 4.17738828054
28.9242843376 6.64398401931 6.07354348739
222.784069927 125.849046078 2.30197224777
184.447191507 116.655946177 4.85707318941
74.747356507 5.82608041495 5.62444339952
55.4613787731 138.962748008 4.21881355889
24.2158179223 7.36781947003 0.0771269156053
54.3411210698 110.598821371 1.27232099692
1.76534004885 116.528412698 0.975780679533
53.3830617675 22.3586279706 1.21925937001
318.295230974 79.4902996903 1.48394844021
160.553933176 385.956239433 4.59478114207
64.1928528041 368.610500578 2.69325656864
139.928273249 142.649981782 2.22176945988
136.465499961 21.793367988 4.46974100084
355.161038902 114.855644693 2.13115754304
429.289436147 239.409412501 1.89793668301
140.403191031 164.540908977 1.25066326541
62.4577448758 235.058238776 6.24474433247
313.576197187 41.9177121788 0.0725900589256
425.176488872 63.5180710127 0.664495292714
205.051239949 298.263774638 0.0229937040388
38.8696224363 386.392657835 5.67425089088
197.081891119 427.462764766 1.21625084024
183.594013835 24.5401015541 3.85223373604
171.665030997 353.248275097 0.0375484137876
255.470570706 14.7202030126 2.42938326143
50.2623039387 477.596309676 1.47990529154
367.268103568 356.705918912 5.15818718283
3.53322583504 5.1122042191 1.22868157028
292.263565699 283.273550735 0.965092812255
47.9935486562 47.7399835188 6.24076403913
156.575501346 144.742589736 1.66819660867
380.53331704 157.207009262 2.25135675922
77.3816519067 85.8549604721 3.18653311166
72.4968174257 347.687309763 0.3192459455
181.496799135 260.171755637 1.37139537255
313.595310763 395.104634481 3.53054397293
190.605099356 157.775347503 1.65539763163
36.288421567 298.262235745 5.40738380841
86.2899167125 244.450865025 5.87717560558
159.685130038 67.2400636332 4.79734630258
168.781595313 241.214764419 0.2103717084
258.133624587 193.267229054 0.834620463217
57.9783114438 127.883784062 0.858069528853
58.9242498915 5.82741439037 3.22395964588
215.765210034 2.91892623142 5.05685486515
226.190666398 258.459686802 4.62736420352
24.6178431089 47.1145280155 4.00990670135
350.920215012 252.889782738 0.300882724625
199.974852418 30.3040411026 1.65852213759
19.4798888028 312.808900278 0.456976338438
156.539947428 248.227891738 4.10548169741
94.9963260577 138.265936467 0.66445928716
51.2871606851 256.542954955 0.416143889737
242.194991909 276.693613393 2.60277854378
46.8010877267 52.9572437039 6.21999980354
105.719933831 110.298647526 0.55014406004
426.6848638 44.6432417017 6.25463810333
463.637584431 10.5858044152 1.0502216447
45.7534042495 376.055747542 3.5928865476
47.7398351704 209.000484756 5.50611148751
428.737653028 335.616598596 1.52506927838
54.780038112 457.177768473 3.35893559328
224.667582921 239.412140246 6.22386849328
76.135984762 496.578613657 0.827986030141
6.63688621745 103.359757357 5.65854126708
356.259711243 21.9781627851 0.658107149305
185.75583078 206.918413189 0.68951077715
339.374060335 474.471550735 3.39569546641
