0 30 80 0.7853981633974483 500 500
259.46010767 449.064227388 5.94195059102
93.4393154903 46.4162569743 5.38785633943
420.421281096 225.805391059 2.62825780138
26.0698616645 135.519177279 5.35084467466
444.238268378 130.1959657 3.73424017364
46.1685380373 357.208400794 4.7668182946
211.538058615 222.280431394 5.39294355094
145.673209739 237.373674911 1.72406303576
209.774378623 379.176949313 3.08219649291
72.3238009964 209.597552861 1.08391783274
183.922181676 19.2969239302 4.64293045823
193.677277869 1.83987098777 3.84779853572
177.101523743 197.715572443 1.53705928671
140.519691107 178.959405044 5.34515845149
378.0135327 149.372985463 2.35491329869
425.897468076 48.3542002401 4.87788071536
140.03255015 161.797856583 3.89289702591
60.1734562936 346.184023448 2.6111852133
186.787762314 85.6147174354 1.1159728175
181.240017239 157.441096437 0.388247404615
264.747651871 24.9247764217 3.8335457846
291.439454965 106.575874754 5.79177840728
107.659692098 60.0802546638 0.798119173658
277.343259825 35.0140796162 3.8163162337
203.216326072 145.88598147 0.783936632859
151.616633584 175.976680228 1.88465181618
373.017560194 295.171991667 4.19324881845
283.882692074 233.588148224 0.00606808478808
1.91146094244 119.369584895 0.367187386631
58.2469026212 287.537387153 5.0792239683
