0 100 80 0.7853981633974483 500 500
23.0970714024 116.253147202 0.386358942104
106.37095408 222.772843912 4.05251112753
137.735149654 23.2557229525 3.15251779904
327.083648002 96.973760381 6.10550750201
208.259311023 238.452260946 5.8712129654
14.9381078911 222.068010113 5.99655665814
54.7984387465 49.2746661009 0.642615015565
105.170813311 111.254014845 1.29863684328
134.962213701 59.533467916 3.73957659174
153.109339217 177.212347207 2.9327501582
37.8898657104 119.732179373 1.13748844013
199.952662013 136.322754486 0.391856329361
388.205055487 50.8653264464 4.47520536103
176.452566281 49.6185751037 1.12506490954
30.2086950609 325.062931324 4.07799018221
361.442920413 289.033111201 4.03626294996
128.801888933 37.5039488813 0.501639461303
15.7838737154 124.554783539 4.73014580977
399.670573987 43.9976409986 0.486107829725
7.44480629008 68.0201069398 4.35538734254
41.3486566194 129.397887001 0.780634657626
196.027454414 79.2813276758 0.491687678474
474.972436078 29.9799809912 0.0241715599332
42.5714233662 299.263679685 1.11059558733
295.079598678 379.167490501 6.10049034998
178.274359617 184.114315409 3.6318513547
226.255521763 79.3537216596 1.00440028851
138.822994518 399.039470509 2.29949899002
127.136284007 135.995539357 3.51734979604
172.816724787 38.0854639347 4.28968585185
309.051205939 154.228361431 1.17188165678
13.4929158906 85.6094038583 1.68866279557
13.817759031 14.5303864479 5.00188639888
390.123768404 123.23492418 4.08390216081
91.3552807639 103.916342268 1.65266673526
385.759789583 20.5428356063 3.25510045453
157.215699968 133.081408444 0.900209226656
3.79824682209 254.437633401 1.22941914496
182.133443043 418.88674387 3.85813872393
98.5114696511 239.012823407 6.20083877597
22.9829715458 86.4999748045 4.6658697524
222.488213728 90.7300819959 5.65958778521
99.4866913453 255.772636551 1.90346947747
194.549372583 16.7761795103 5.99662570861
29.8314263233 148.229158123 1.60228124582
227.115091733 88.5666655698 3.94098385142
135.504954294 491.530790998 0.707414227249
108.468778031 20.3412926737 4.62081368999
55.8466801288 4.12996500704 1.13483506382
35.3066428619 289.968310909 0.609263265133
494.41538564 349.290723624 5.57850237783
169.006528899 94.7520266473 2.07717218912
312.994318248 462.891770757 1.18034803987
32.5209224642 53.864401065 0.771563184165
48.1322792418 6.14667431583 2.94402982814
231.303573784 144.391696784 5.21061172475
104.174377397 190.126784694 0.901482897667
320.803658371 427.255413372 4.06820781972
4.78595999205 70.3777399129 5.24920799276
138.156529032 41.3930695731 1.32971359453
8.51198843102 440.125050337 1.89914234229
85.2227387783 68.7383843617 4.31304752851
383.285449763 12.8761939671 4.40957317332
189.83599591 178.186555895 1.15174257171
48.3018085707 438.581243163 3.34128759441
87.1226481473 158.245410556 4.3068929933
114.75257177 40.3093433211 0.124730703026
72.1109571511 250.429663228 0.400435047618
159.487062229 130.624083769 3.55615369869
465.148590371 402.296030836 4.58724703366
15.8108246076 322.091924188 2.52932366194
103.253082611 319.670264717 3.84799741015
123.405548685 104.494247851 1.83206125389
65.7260027993 51.3825187554 5.05517070668
5.75107828488 104.878335356 3.46848041157
483.734871753 21.1067924361 1.4699470128
305.672619064 199.729437577 1.53667993062
206.630043307 96.9224511952 0.101633641036
58.117781076 318.309930739 1.81352876993
188.554339029 371.657439393 0.5822324289
331.518264478 430.038120378 1.18503207141
320.746407989 374.14667953 3.04561607405
72.2387611895 467.284239895 2.10504693839
233.147882351 154.314618018 4.53107925449
88.489943809 315.957122758 4.29887707465
104.044271754 162.760127744 0.594070519198
134.118550868 64.5869417338 3.03928862413
58.0909526079 289.564470798 5.11516828641
97.0532166825 151.659202607 1.97197935048
58.6567641601 47.1702489117 1.32286882526
139.225104355 23.0450109961 5.38762151241
348.900989267 264.307715852 4.91601133437
295.888652012 427.479354647 4.82951793854
214.272446863 60.9280476135 3.66156879179
29.584307663 72.9256429919 1.32156154641
218.225280003 4.10242488354 2.80608060119
5.18880901349 203.721396573 0.713135354405
291.905876461 424.700188033 4.1749371758
21.1140243281 12.932609775 1.74407057601
237.199358478 36.1053960325 6.22795804118
