0 40 80 0.7853981633974483 500 500
478.468623835 309.881232395 5.0370948543
76.4979928841 64.4254392032 0.825482564461
417.655033607 126.299422158 2.09390867256
155.812720907 180.707294142 6.07720760838
130.997996759 311.233563854 3.49320333485
24.4704177318 270.92495862 0.817185079417
272.245698421 112.669821563 3.56992488116
179.807761643 451.842484897 0.327115948415
5.54131630629 333.54441975 0.885458780346
46.2849698684 463.228026064 6.15060183501
52.4406569472 277.699029086 3.67169144971
268.42071347 72.4552801137 5.90564497367
497.492252014 447.955610332 1.70797962967
123.28998829 24.2252539583 4.20454385873
23.164161239 111.884331979 4.45801746506
267.823147109 28.3515995278 0.98404660352
223.719676348 38.5671698488 0.325403114428
297.660543913 471.354814321 2.38852536797
215.840208199 263.368948853 1.19730800601
94.8473304696 128.399643955 5.33024544724
362.095380686 89.9394970191 0.589912782055
179.309368112 271.860319883 0.988809164476
38.1747517194 144.294294085 6.05988849725
68.186910026 150.483898553 0.248269906369
193.927502881 105.422021503 0.509388996736
76.6993016038 435.830564693 1.50683457805
49.4097797488 63.3723486476 4.0044044763
25.4532972022 54.8447622885 1.54903125963
1.45189965966 101.747732758 4.45785654986
173.316160408 15.9264177164 4.3108051778
15.0702329328 61.4987148761 3.23615113858
80.1768954807 1.39305659243 1.27051525736
411.559920989 65.8881499405 4.72799583343
271.555889716 212.025674234 0.300280794577
90.5065864847 140.770814953 4.38388022479
106.681736128 15.8513797387 6.06527516943
319.130177442 25.3214314239 5.8043889275
89.1904293639 398.696492054 0.918364155474
416.261207013 483.774040582 4.98206848493
68.5423270592 157.567072255 1.23443399629
