0 40 80 0.7853981633974483 500 500
281.36696258 40.5314743302 0.56344489384
122.749788911 21.3973261963 6.12385980076
44.6934826237 340.254393595 6.04866300938
280.795758288 60.68977756 5.701089264
102.987196789 415.077536671 1.28639214424
53.491770177 145.475728077 2.425134094
80.25332737 325.778063078 3.65266402569
211.506405707 176.132669364 4.33290948502
85.670312754 6.9414322617 0.364983907556
358.342141698 231.795140401 3.50789939758
223.944249328 174.275110548 5.87732188456
176.190648656 92.1825184711 2.24892255493
27.8294774399 181.490054358 1.17343500795
132.341782358 238.950281927 5.82053335495
244.545524393 342.42004761 0.212677749703
42.763518743 371.950785036 3.69857146716
207.677434679 498.355536544 4.50309606359
334.980530928 338.73564222 5.16761925892
161.192661243 191.233455453 1.95034508456
243.228097828 234.672844605 1.61268414059
288.764913922 261.696263953 5.97543472841
387.922327745 261.798567728 3.99972125977
93.9087820831 43.1653446976 3.94038405244
452.102434975 379.676500454 2.59879885157
165.229397473 46.7549683027 3.62457406101
12.7399608947 441.811275485 1.44351765491
1.93396346167 182.87479701 4.88812427243
321.826061557 32.765528541 1.39397568314
46.0001840209 16.8577805075 4.92331421123
285.648536643 121.39075952 1.37100540928
65.8555264174 236.570286527 5.35236929883
112.966584051 44.3897599187 5.67919291243
34.7533675309 482.130595337 5.91038394727
57.4654459225 260.372304758 2.18819868087
125.745774635 380.905386078 0.724037581616
123.246857138 123.593435591 3.97511472996
17.0365375925 26.6501738813 1.09619762636
247.597241132 110.135767343 2.42516571442
17.1355172007 288.46884052 1.23569343424
246.460547033 63.8489158546 4.97978513286
