0 40 80 0.7853981633974483 500 500
238.849057865 304.984934928 0.197325742272
97.4800834759 84.2027242785 1.43365831561
139.380203477 451.781035332 3.91892877827
70.9665958999 109.622829497 1.15258176592
133.632539318 81.8193486204 3.07657901943
315.217360321 81.5415894851 6.24221288526
202.931991689 401.76081097 0.600007051346
13.6198627229 12.659159526 5.31852034794
8.03953804861 379.498099149 1.4227035907
199.332757213 183.683890359 2.28664759266
94.1455722598 168.433731418 3.69300846931
37.7783262378 77.7990719783 6.1740434129
113.785087593 146.80656459 2.07481943306
5.51290275815 10.7576347904 4.60651693021
40.9809431994 424.085973219 5.39889418817
316.6164408 136.332840967 0.590159218866
200.87198429 495.440590062 0.830598396987
143.148595682 110.617712559 5.3413175636
78.0805727185 20.5250163269 1.10660014778
66.9496746659 25.2514793419 0.541746485187
277.484226754 337.910496288 1.38602408354
475.592283138 214.90788752 2.40129389378
228.072127788 151.821613769 4.49099275235
225.091950835 155.103304175 2.29282401491
24.3301946015 179.448581043 3.66508271676
53.0220178503 37.9784763285 4.39284452972
52.1101657541 3.5848487637 0.441205544987
176.365143306 168.442978553 4.61733804029
190.319326176 494.954231194 2.65427514365
78.3149195915 326.02490564 4.44389590541
167.716360828 282.721971895 3.7678535823
365.359045816 373.078845103 6.06199255142
139.125472724 357.98101152 4.25628758256
276.523207641 151.852097467 5.22678660728
384.957340437 434.959910786 4.74931100846
1.25016476714 12.4365224343 2.68910565757
121.48568933 342.356042771 0.0746495666914
239.368853934 267.661021562 4.88548402361
23.6104528386 50.1294247838 1.30412115908
21.1470764181 44.8349012335 4.05080703794
