0 80 80 0.7853981633974483 500 500
3.10100278135 193.86628566 0.200437554174
427.657290755 288.458190492 4.80281949472
333.387075729 162.360409244 4.41368258823
172.25726242 419.732180108 3.34871863827
18.1968967081 216.103923318 6.15889477543
78.1637874008 63.7864382405 4.98660706005
59.5574462537 342.503258905 0.107964771945
222.950439141 94.5317842605 1.87451191563
137.994232572 35.2647558602 3.37688309164
18.445828226 150.984368279 5.76557321313
112.719899229 117.551739029 0.812776772028
10.990849142 127.747138552 2.82713246321
57.8501073831 37.9114243109 3.09853296256
50.0991180229 208.989785693 4.85234090022
103.403628961 46.4448194127 5.57192890573
25.8008346612 76.4420866664 0.892795324688
147.598245014 49.7282925472 3.85744355328
54.8801542412 148.560881221 1.64585550253
58.4737113693 486.504340452 3.37840071917
82.0791640543 210.605098213 0.532881586448
339.317777597 84.3816145474 2.22050936415
27.4488747207 7.68529881772 4.19908487665
322.442379142 251.976761866 3.46992671544
206.9777939 218.272501705 0.510014241598
295.823732626 0.32385251109 1.3615184666
144.12144254 232.587236601 0.534161131637
9.61505516451 10.9825910521 3.55102911169
157.033872127 105.40067273 0.919034285151
494.036694945 331.360474536 2.41750989761
66.8617815284 0.896221749776 0.627257703992
126.297303978 45.7042434993 3.0412568077
180.062367956 290.390634457 2.63742027488
10.762399049 154.001543363 0.356779864982
154.909026373 243.229151861 4.17978744823
29.7432299654 412.039991736 4.99721082595
174.551259955 232.243339112 4.08249538713
182.755588312 352.31755313 1.30088011026
97.7182579686 41.6773822263 0.321912928373
13.7092872752 345.764771184 4.25286075164
129.288297927 498.002149304 3.63813149735
30.6433324678 188.006821757 0.559865352424
33.1129309212 22.6077862475 6.00076840611
80.8216373068 82.0078545686 2.11389902971
363.175291227 78.1354391211 3.22351491215
52.6594502039 187.506618736 4.89345480823
312.992142007 46.2038017142 6.19814086168
380.884108644 206.562983762 0.436476601454
42.4542542586 16.3922724029 0.54365152212
90.4113236069 433.796634262 3.51778894385
191.698765225 84.8971093904 4.45739952944
258.575033949 284.127319567 4.13313233482
183.1807775 37.5944274111 2.72498075135
137.435699304 152.37202057 4.33404760354
70.321544661 495.260152992 2.47428480154
217.890074047 91.9324582246 3.33838592001
42.4393696741 32.438743587 4.86656405198
115.631122074 95.8181626275 2.20497089818
74.7756196538 177.402551298 5.35299085014
168.877104579 274.182713747 5.02345336229
399.755123791 105.308594427 1.01153676187
28.2155101717 275.512031166 3.27389719931
114.511944665 96.0434904641 5.29763636953
369.264643636 161.711768118 0.265336737906
69.520472622 27.7848526382 2.3117010942
160.959651395 25.0385669523 1.60839586915
43.5763514759 116.587375158 2.5686615271
405.779221755 174.069337257 6.20044397922
58.2280075433 12.6130442494 0.332921967169
11.2944700111 195.418370619 3.13771787523
0.446295655758 382.868095583 3.99788347799
38.1054656357 192.859742494 3.00744307559
15.8651642377 114.190346443 6.14254917636
223.991529354 123.056513304 5.14088085365
22.8762588174 76.6075123163 1.4024039175
4.44087446291 315.649940409 2.55840986431
148.132944457 343.642911095 2.00867531036
326.725694888 2.12830324344 3.61200873493
337.261766116 333.419540913 3.36197451516
279.376416753 212.947227628 5.62058990343
55.0547731684 115.698832059 1.03058676397
