0 70 80 0.7853981633974483 500 500
266.680139073 498.207747784 1.63283348874
11.1699088562 97.4336230383 5.93623213146
334.332621776 210.212834752 4.97849912586
487.284280667 446.01224156 1.67213634697
427.550108474 109.658783933 3.51221730538
164.159999771 184.621049795 5.98887620542
176.173168342 10.0435597938 5.40144797678
332.095145471 285.668494415 0.7961803212
81.6277373209 74.0794178731 2.52070708516
212.207764658 183.737515752 1.13120626609
270.241119114 40.130149753 1.23744654872
3.87880069786 228.896521661 4.88950733784
331.65222825 38.736638004 0.729663772198
218.269844167 186.676338174 1.92142508399
376.46248297 377.633515062 1.72651668346
410.947489384 12.0394796412 2.35732864491
37.6257461104 20.1981012501 5.06752407585
375.332200934 54.6886436457 5.02489098636
156.549780403 14.5734563821 5.82514665653
232.515717076 222.261052733 1.98603104864
468.569945312 336.689431099 5.40937794473
66.3035964702 119.969329707 3.47304396214
162.557379895 58.6190337406 1.88296494654
81.4928842275 337.026162593 3.62548008991
462.915077533 76.4452469008 5.88479007818
164.931513733 495.928163128 5.35280247942
141.119933162 13.3691958501 6.13764664873
34.6684357726 385.780824247 0.763794903443
270.850728503 85.9811467497 0.551269428261
14.7462619552 299.312808768 3.66018325181
157.124904623 308.485423672 6.0351122693
199.178731081 127.123438389 2.29195943916
88.6869597852 16.2347906583 1.7434741952
27.5364974348 219.609319591 3.8529541646
190.180163927 72.6793599016 1.33551525484
215.378400454 65.5267745574 2.03080297273
26.6041634085 164.961792919 3.28778949897
107.038321808 12.6554945411 5.06351257722
9.16190397622 28.6383306814 6.00379886716
283.698928774 144.657095331 2.68497506027
57.1016367702 286.393363873 4.643918115
31.4697720672 254.349410032 6.14749160108
327.536178504 55.3761777393 3.21549744015
437.767779332 272.716396569 4.02355556373
36.1309367057 209.461087153 2.97604179467
192.488130993 342.952707158 0.583550458773
77.9195587285 78.7517436557 2.60032530553
83.3055404602 180.010167473 5.08724125751
103.261358114 471.070129973 4.6793325662
129.337901067 262.140545362 4.41794792981
352.335565801 171.188133096 3.32321100713
98.9949219414 50.7346412197 5.67018069174
26.401683975 2.9602345522 1.72751947202
75.7256881989 487.695557512 4.4204981325
45.697710837 51.5577390254 5.89609930174
153.915889528 63.3662034852 4.80554653021
62.7177312538 42.4009841519 2.92308972024
87.3450001679 328.43749781 4.88258093098
232.533080933 444.600952559 5.86678468649
53.2964175534 77.1788035796 3.71057852385
65.2405984793 76.9424054005 4.08318970794
372.639701721 31.6570928646 3.72637340671
37.0106089166 221.725680683 0.55893216679
16.8371863253 30.4420475004 0.333051772531
18.6921001826 92.6946503271 0.087672893265
123.964465449 149.370647952 3.92420292857
89.0596428983 445.158274273 3.63918068194
259.78175131 43.6612206046 2.99062516148
70.7247436559 99.0387393728 3.73366841333
171.000419353 248.578734649 1.81003230404
