0 80 80 0.7853981633974483 500 500
58.0669127163 111.223429034 1.57018444169
259.394652168 38.855169815 1.14694798077
322.301342838 158.749132117 0.630486484348
64.4363970093 349.639178371 5.60023890321
141.886216878 158.287110867 4.22896407128
193.830475234 128.965136864 3.42520522863
12.5290717755 299.774842504 3.24990969877
475.068708993 106.780417389 3.7113814204
147.321692357 166.934904933 4.7177180435
73.7673496031 261.554191966 3.69096329301
56.8395244211 387.649261564 4.381389027
160.697729614 207.762636019 1.44571853046
128.140407914 243.581638984 2.06881118682
13.6057888487 142.293421371 3.94004890741
419.076994328 158.875684373 3.04163083738
277.279811696 315.061957647 5.87454315019
210.501120935 308.054988957 3.04705936004
19.6646075676 117.448358695 6.09107498119
410.226794307 284.395995236 0.292437356051
7.70949844078 182.417995985 1.24089055539
123.455712743 420.960571983 6.28308206962
11.3640888184 29.8445850873 4.2116204465
39.9452854063 424.563364105 2.86844095742
251.207455635 60.117698257 0.714207094541
77.5455720017 267.624535602 3.50544770599
60.7226495405 215.65580817 1.75862965077
111.029392656 462.1422093 0.945264841194
463.819327204 39.9529956522 6.22259280813
91.5171330443 433.121600968 0.422233020259
311.94847215 239.099640836 3.60537105938
229.768900998 115.561737063 1.22078722798
50.1797597294 87.5394478287 2.69158182867
364.139320712 335.726069453 0.782805077332
17.1384330415 152.10062508 4.93208171596
330.598721885 262.616908414 3.55877492839
367.84586562 41.6612684665 3.20735555132
182.094297802 74.9719123508 3.6879408139
190.810261247 2.11546578511 1.70450799436
398.658347001 18.9542082333 1.92429439335
301.265996602 148.002945418 0.863002006431
140.015628525 59.0962196899 1.54982558423
53.9642773741 123.258624844 5.35517444767
33.7821156644 244.89626183 5.06558266795
440.702191849 403.990218472 0.661065290696
49.6415885101 18.8071213807 0.920070330501
49.8740688366 181.639316035 2.88059478709
73.15994184 280.233727486 5.22655963298
194.029627754 193.352675424 5.2258048661
150.474671814 42.8385479692 3.99572542708
70.0674044058 101.867702442 6.2080866818
28.3544223897 26.210119937 2.16645373184
172.798309833 226.780182383 3.97787826451
153.713953376 21.4247620567 4.06907996398
448.349831827 137.546945056 1.83150696093
51.2240604315 207.902755466 4.43979792906
247.444824968 0.528683176912 1.44837541984
45.1367316227 6.27109553226 1.92703184623
209.694886393 98.056601421 1.43950702883
90.631765544 109.402277397 3.0623778075
407.878981339 53.3437460624 0.47774089999
99.0379700484 54.8775190661 1.79361454857
40.8262312152 47.6014428689 3.97440920365
295.574767446 232.845031445 5.2731956568
9.12119287329 4.4780349554 0.470873515025
109.320036543 8.93377544984 0.814376108109
404.056188032 1.8481174161 4.30989329375
134.274322321 20.2921358107 2.76062621443
423.068390113 15.8806061458 0.599026738972
56.8911237825 381.448131997 4.44135492211
158.237613693 96.8742321116 3.96231948654
130.498819829 462.840860963 5.65378561833
192.795264505 161.295212376 0.86375710228
325.881131734 176.815096666 1.05683380266
400.556027924 398.714887232 4.70074244229
81.3342962819 49.2998413794 2.17252048544
152.716191143 120.670840082 6.13037022524
124.518064354 325.922445515 1.26839519943
189.239141118 220.212466626 0.0328537881033
157.549774082 192.723688472 4.13952693528
192.606804281 76.825692726 4.040675809
