0 40 80 0.7853981633974483 500 500
413.934044714 295.688724324 2.56116149573
263.65086348 31.8438755995 3.67458334653
66.3099343087 7.80266656661 1.79234931775
1.32296784831 65.141500421 4.47578607584
232.008197641 297.354111114 0.71069878248
362.802977038 161.150923736 5.40611482565
8.91886503957 83.7992783437 4.80902383495
66.2027099223 203.525885039 1.85234048945
139.531850195 51.7546939759 4.90543797522
498.87856974 253.143147466 5.17211229554
7.80006824709 91.3920638063 4.8348924749
19.5448595129 466.855481334 3.83361636259
419.269345571 421.360473426 3.84630684884
93.0649648011 194.424357244 3.56778617976
230.955322381 47.263965482 0.963506077154
439.22871101 32.9336935241 3.64727695447
31.680229037 228.035861958 1.86567301713
327.960294361 453.422151626 2.12397398449
40.2166653509 138.858547875 4.95009651359
74.8909709671 126.617085402 1.74741650033
108.005218094 14.2943402338 6.07356373057
6.20993316481 62.3677022038 6.01655017124
153.495056581 358.324306203 0.823790542239
82.3622301336 361.397275618 1.44471182046
271.983831612 24.1518956186 3.52073127723
31.7805902325 35.7399982755 3.06057796796
29.7795224915 108.993508058 5.68254964242
181.119090939 101.557569232 4.61937996237
204.065993484 330.849347232 0.581863682011
154.095794305 14.3337724382 4.51532527229
349.809555404 324.539097535 3.14823145479
109.145290942 275.153630267 0.62980737531
183.890182624 235.92387081 1.43521841607
57.336643207 44.586322888 0.290290914726
198.148655423 199.681141163 3.63625219071
307.15683171 89.5824373053 1.31850146597
25.115802876 199.946613981 3.28573637403
71.8216577653 173.186621994 5.19393091205
152.204329615 52.6818377715 4.96130254888
256.203047478 230.569689105 2.42594504818
