0 50 80 0.7853981633974483 500 500
161.626183364 173.65977364 5.46265355845
56.13359161 252.603616891 3.98834795777
100.92427575 60.9172232359 0.554754952452
174.487367544 122.95745951 4.37125552467
380.420499088 178.847353148 3.0716170933
51.1837674722 326.064313704 3.39475841134
132.026029085 7.30329202046 5.27832934047
38.207363646 12.1242154183 1.35578259829
6.29488177649 107.404860533 3.96491526469
120.149321112 117.990915389 4.99638527256
221.338163248 48.7620813 5.31170346245
56.9494194739 398.809593228 1.9998645599
21.9694946773 185.140094083 5.14746414133
8.73813528232 60.4759346994 0.721400749781
184.5264055 294.057563651 6.06880278966
238.632495083 44.7170824105 0.234454107437
199.280043322 170.65973612 5.60316333991
76.6719420291 112.203347415 0.530271381571
311.418163351 91.512335859 2.80269055024
257.672317055 110.726112153 0.849142562753
141.697127398 115.894169832 5.22913577947
142.775626553 349.001748709 1.52038137922
50.4949399993 158.013139875 0.0967480670157
90.5655485445 213.088132209 5.46857351371
6.60347454749 58.4606070749 5.90769209588
179.830005433 51.6389743946 2.49377355942
319.953963691 408.474836287 4.61663936808
194.149505164 170.66601825 4.26124900378
193.738454564 100.461220511 4.32587415574
83.5388734148 204.798264489 0.497439984457
58.898998674 313.989051303 5.37959994172
6.04180373027 76.1768284186 0.449188212732
168.597141537 104.349902079 1.41673403977
288.282092806 217.084334014 5.19792159519
86.4263667564 354.478867669 5.69459597839
367.340598022 63.4558979756 2.01999720948
42.5652332747 266.583593992 2.97082623797
172.20165961 52.1669736702 3.16529198938
76.1364578362 300.788515075 3.91061494514
253.848190545 236.655108937 3.08380107173
167.076157978 79.9587991608 0.40008016799
39.8788285572 283.450423755 3.1313811581
38.2949916887 7.30746734822 1.31863653768
166.724392345 256.546082124 0.0083465434148
261.569543065 234.18040523 6.0710585289
152.99985839 182.089412966 2.13519109164
71.0761612038 67.572146243 1.01126712605
34.6596122685 206.034114358 2.94592018371
207.430921111 247.171547189 5.99513189257
45.8585488109 190.711142957 6.00643879431
