0 90 80 0.7853981633974483 500 500
9.07463266474 273.4092342 2.49247305813
49.5771881409 34.9864538596 1.00511771426
11.5741479332 366.947250949 5.57168306163
282.926698032 116.336718119 4.76158308361
12.307559114 4.2407640689 5.27148262719
215.735474514 105.384009471 1.52015432564
57.3584986515 164.530682115 2.00444877914
74.8163356589 142.405370024 0.214460777845
133.432328051 309.485150548 2.03265790193
306.882754497 0.706547251111 1.85557558488
30.273178923 216.56136075 2.47634198326
180.185440538 242.07150107 6.07435837348
356.733820712 383.954942424 3.78784025111
233.055916688 76.8958628853 3.4029145358
160.350594934 26.4643105875 2.49613021274
341.236023704 22.1247086572 1.69921666874
294.375700365 162.431031756 1.7883527941
49.8183641839 347.547718578 3.85178187783
310.113039093 43.8463999789 0.907541520215
391.665396727 17.4434486366 2.88379060333
401.371876556 5.62512802488 4.41464207948
91.1331738685 74.8368747427 2.56978915448
58.6380122873 185.304593727 1.41493274253
133.08064109 439.908172275 2.71190871106
102.778478899 26.8807444817 5.77842634188
232.160968205 302.169387807 5.08432327216
343.826217253 108.767576005 2.69008578557
84.1821273886 190.47689521 2.01403624708
39.7553509906 441.169018397 5.59863954638
123.253508833 88.3758628893 2.56318714725
61.7283606794 116.188320214 1.55360700487
173.383852134 144.422889266 3.57764194328
24.1867908048 252.769256364 6.24015972897
336.466133069 292.959287525 3.98586737196
234.496945463 177.235626695 3.18138132851
247.710152668 280.297814422 3.04396211728
250.745815177 115.952917663 5.59125689613
178.608221736 206.787387045 5.60874412923
31.31722947 119.551001325 4.61690980251
51.5096071861 300.571685412 3.665727874
363.381157507 189.85565379 2.09298699911
196.933819449 463.839154504 2.09624064155
51.6813443147 112.08642558 5.22185738845
289.956849127 402.13801175 4.04754491938
105.173281332 282.097534219 0.688744425245
25.9624195573 38.0154535752 4.64329218785
135.082315996 253.718620436 3.04026959196
100.765194014 61.4543686338 3.1297055452
379.668380635 78.1900740953 5.47799480422
206.520376892 318.386941091 1.63743199847
330.305494452 25.7395083604 3.35818102819
171.372449539 126.698907702 4.67752474283
100.098595779 33.4851059754 3.32883952103
69.1881030379 199.124640977 4.68468857042
180.063407182 167.094109848 4.84950800783
31.159987462 32.9072875298 1.61469691301
372.985986466 77.9810943291 0.506113721924
0.692846214036 241.260642711 0.536375676462
84.9627195673 145.279668492 0.129735545677
72.2852534374 12.845961733 1.74526695369
298.763236196 139.611201809 2.21183188553
394.894294485 101.073362048 0.704865468323
84.807772312 106.779528234 1.3925879475
5.13047844528 45.0941797977 2.38511984846
87.2635735791 71.6580362762 5.15122755512
120.452529726 202.556371076 6.15754946779
297.823603366 311.846616471 1.3279507785
381.767513112 0.00622294276096 0.522317372846
177.735040072 19.5686417891 0.599859016309
365.307143327 178.609387448 3.35967736631
58.6115115496 300.698541755 3.65962937715
46.5819203775 189.050889758 0.33680665258
31.9835698475 72.686733906 5.4981050496
407.785629148 106.62693957 1.356608391
11.8185143423 44.4923727304 1.03621876458
47.7704351477 127.269458917 2.448875903
464.231265136 147.672693812 4.05102088884
6.70229253766 416.096434647 0.135144877843
196.069014976 497.823912921 3.8824444444
203.340187265 50.7163545838 6.04294500929
208.501441766 31.1869642795 5.42283548651
241.814542493 106.653360113 0.216066309309
42.2787948067 206.279526659 5.21108665003
73.9298634007 394.454788468 5.00964308933
21.50468163 332.211493733 1.24755033597
3.94907949715 186.564592869 5.7100635787
77.3804240926 475.109898181 2.40953944497
296.135059641 77.7336294978 2.4912972579
250.821640646 82.0471054817 1.86805775077
155.21168945 6.31269535525 2.17812548293
