0 70 80 0.7853981633974483 500 500
24.4331503883 107.457119905 0.547961837558
116.558550731 6.84513370471 0.942265500472
4.37018293764 93.6276719957 5.01280055753
29.039686838 41.6055854419 4.17812783471
235.749914015 259.572253675 3.18422483765
274.886277628 64.673573977 5.79571256723
245.014343361 241.225813821 2.38304075136
146.376269474 35.5858954366 2.50313433466
163.375304147 70.9170767639 3.84186020939
375.08214774 343.17330056 2.90463421531
39.5198655109 50.457499434 0.000915971578315
214.666494705 45.1700004445 5.0806025934
139.367801837 223.611328323 4.83898566085
18.0139436314 6.38654669916 1.30456513932
48.1257586959 134.481293755 0.0115348898287
166.124807095 222.266889432 3.26503527139
418.547289542 2.6575515424 3.71558669641
18.307641934 108.496835384 4.576909288
75.1181709117 120.941253397 5.60601801638
341.213012131 163.683518446 1.95731495112
308.245040803 50.0431098334 2.82631077816
27.1409502173 227.745354219 3.89846245191
46.8008160815 458.656851528 4.43506515938
253.246521688 16.9902170476 3.33150590632
24.8332601644 47.9341828437 0.272636883135
273.773535539 67.8266926814 3.84304631486
84.4073215403 56.3863686256 2.23504235915
304.711243758 133.980716511 1.64387555386
377.240830285 391.291475916 2.35050649668
30.6632918259 132.595759244 5.87822808044
242.373536033 384.223342001 4.85088434456
93.9953871783 280.787784559 3.99627645131
89.2165025849 127.630281918 1.4441086238
14.4443174814 280.335087184 4.03414180097
259.019655151 142.821589282 1.18078899926
426.062715839 207.472876311 2.56727407418
222.387015234 70.1155878462 0.901959163632
152.247292067 327.584319354 4.26459203255
296.562246968 92.5624861822 0.455762677714
129.611361687 72.8671565488 2.77623346369
384.122774665 363.304788415 5.88498257808
16.4464019836 57.7194945214 3.67365308813
124.408207062 98.9790480918 6.23051903827
146.622743511 358.494365881 3.21670099783
80.1580333857 42.1775400624 4.00753930492
27.6770039168 251.495382466 2.18846660126
434.558629107 133.907125567 5.74992741506
107.4430618 227.06248172 0.349875073073
153.932512311 86.0786235594 2.90131457377
28.6596620209 64.1648462994 0.274013229259
429.152794739 457.827129152 0.682713503827
65.1076155863 40.1724450998 0.968214396423
22.3356127743 186.480094935 2.5293770342
215.751020518 190.658658776 3.36263753151
57.0231792884 132.478628732 1.36248749965
311.211170702 320.200511122 2.61810589503
282.845154907 208.230398727 3.1333121436
41.9149917893 140.793099734 5.1232065359
2.87203866675 63.1076999154 1.24381239559
205.28274965 499.380926824 6.19120628864
353.505817177 296.591942413 5.30448200525
204.741507125 170.947332898 4.6798520306
129.117456506 69.7404715857 2.86376473808
74.2392224738 55.8155233862 0.601471287318
368.073437889 242.916692441 1.04105842388
10.4047308866 393.927566089 5.07053933063
255.569200862 178.306191227 2.29885279084
301.848509105 175.816106873 2.11969154797
24.9159751825 26.9851913522 0.519071888461
205.579811212 322.678659454 5.85868609621
