0 60 80 0.7853981633974483 500 500
40.810351858 154.637026582 1.99498849052
317.870352734 37.4960352112 4.29357064447
29.3078694239 60.2670042632 0.108255698614
179.983635791 101.591665136 4.94015106868
212.74934154 40.3994338126 4.84341609005
25.9258446296 111.677315926 0.727262894115
110.163714607 73.7091708612 5.13928137893
257.468266564 129.541551932 5.01194701032
371.053848602 147.837655686 3.80097318203
384.695514794 74.2892766634 5.8029264093
10.7766380378 202.360829239 1.45846502108
478.118615728 249.817810552 4.98539740464
147.404820942 295.160866562 2.60927296871
148.06111913 186.486698337 5.5751336645
434.443500457 34.6725185542 2.72947252717
376.107178091 20.8823841118 2.13172980762
221.550866146 214.088341196 1.3015701937
117.804284143 317.118124688 5.33729100045
111.523537409 10.4184129703 6.0295019739
46.9359003692 125.512220689 2.29845034607
108.491252335 274.512630845 6.13882056841
219.976140311 496.092711318 3.60548385599
484.363592794 237.007191576 1.68414528251
63.4047604428 95.2709168616 2.29133597333
84.1697933169 339.19688687 1.78930960695
181.253851795 107.598718598 4.87260508536
257.356512924 487.161903091 6.00414862519
59.5025622454 456.591835134 3.09871304672
14.7177664326 219.710174864 0.225779720244
251.953252639 398.248121404 4.93114337378
77.6553849595 145.250778053 0.854153985978
120.856843387 304.535247337 5.25317307668
380.755891688 30.0056647382 2.61684469772
126.760619782 46.7738617665 1.32822960824
296.755881984 241.72250259 5.48257980806
75.8897672576 454.758289338 4.23923256915
235.491912384 372.92719463 5.10535461423
120.981591397 45.9763347032 4.00211827859
342.713856697 164.119844492 1.11170604567
181.492128709 228.646449419 4.40849693182
268.04556454 336.593335091 2.17374806706
297.771696621 188.805016048 0.145314446515
142.706613727 12.9988299913 1.99389852355
435.366138015 20.752673967 5.71961793967
276.270859206 193.00847552 5.61904228399
351.930719056 63.3194394494 1.95919284202
22.4929356766 282.783266284 4.88071902912
53.6722972888 109.138668676 5.47632629067
235.396495049 47.5460844939 0.900616150908
29.3476465778 277.20109381 5.08204631604
27.7077750751 36.4546153645 0.624055182576
138.714365536 363.13606749 0.691380879281
320.210135776 5.23291331488 2.59351911384
196.396390793 96.3662443685 2.77521186696
46.2980609751 192.810815616 0.946384832828
78.0788992454 78.2454848588 5.13428069145
261.395263304 118.089481869 3.16465328601
194.409485719 192.05101519 5.00057527071
109.746241029 97.8501329619 5.84318146468
1.98081854418 162.329345801 3.44562858588
