0 90 80 0.7853981633974483 500 500
168.172383635 70.9837847246 2.02422544523
28.9837956288 18.0627468773 1.18259154862
177.135602075 234.918766251 2.10726241707
414.300936445 95.3587527745 1.46219365475
70.3931525699 44.9233562735 1.19460386386
6.62790845601 74.4741274269 3.82567197124
201.566499221 57.6669158284 3.87743755502
49.0407742748 21.9805913844 4.63704438235
160.594599628 186.677097358 0.073500378077
133.396252408 468.178753304 5.4571171745
301.714735771 267.025604007 4.47590145601
66.090580642 330.265246468 2.49631560358
33.6577287611 406.599857773 4.05851137911
333.949580557 137.463820241 3.94871104415
473.876043097 23.2397844782 0.325848788216
51.9592609094 440.467396412 1.23891792757
144.241940036 171.924688998 1.86814125752
294.079539083 362.416380412 1.01615312891
317.827630088 352.205581192 4.03067204433
251.450131132 225.644243506 1.29100049202
322.412084631 98.3548585573 2.82470052246
309.112932754 412.625185704 0.675609037
137.365624896 354.165319786 5.15546171088
37.2595405704 484.246731262 5.4430724303
72.9842416746 30.3439700982 4.73050582786
82.0195671593 32.5570192198 6.02744999482
7.64345528649 385.534998383 5.38199052777
11.1589698585 309.371040273 3.55538588077
81.453743105 66.7496329383 1.10656119718
323.309758629 29.0504586467 2.01168527816
53.0940684158 141.336275839 3.63121368928
393.129928572 198.201533687 5.12118493819
136.884334277 245.870752615 2.46843242512
28.2444461148 103.391711834 0.809341287755
18.0857179155 238.978082248 5.18463526328
136.121235569 323.292728775 1.1985849117
295.970703051 150.896304393 4.9684116158
255.766072082 233.895700464 1.82124295708
110.660601851 323.313450875 5.48384849869
55.5970537454 44.8283337685 3.72382375065
140.813226248 76.7454345127 5.75962343075
97.4123869086 143.202970563 2.61585025964
229.938380292 76.7596406403 5.14818812613
129.511546293 483.523807828 3.87326368014
120.892968773 398.93290486 0.320697045964
320.633949128 173.960938931 2.63922237587
477.282641007 250.790866815 1.45245093661
181.50157998 42.4562640372 0.205112043452
57.2366738088 208.086273238 1.3063457143
15.7450581481 39.0862479569 1.86627623935
309.439430463 101.693332769 5.78760291159
32.4654137925 392.759308101 0.846538451898
208.928880627 290.171450381 5.27803498987
65.7848750792 172.249839252 2.69549976359
149.289952472 115.662461709 5.6480773582
427.307476101 195.613886916 1.3253480899
20.2200861715 193.515551215 2.41177742875
220.886777531 358.35663597 5.64523446355
109.938950028 121.319235925 2.99953481283
230.137442349 5.43681088107 5.28598815863
168.588296691 286.406514168 4.10204395161
78.7753616217 132.562637277 1.28235790677
222.565756103 192.032442831 4.10211644245
93.7323568613 231.818819274 5.32939479149
305.953690207 125.158519017 0.416869349663
202.140591678 87.3980911769 2.92344007062
134.111489549 132.10574445 3.10309596237
139.0797613 17.4726938555 4.93350701889
408.328406326 56.7545204077 1.40485858263
14.8786067279 203.97114044 0.798661707702
399.053228045 69.7205749093 2.98070348432
484.003936253 365.548177689 0.258256507159
251.335635567 277.972283686 2.50507355816
395.451632844 40.9593027206 3.96220989522
286.276143817 59.8803361535 6.07606087479
51.0094410311 463.213584285 4.44293336146
422.926132903 6.93928677076 5.16776364156
157.574395239 106.923027919 4.40824184834
122.969303156 19.4476695838 5.6942050388
236.410952361 329.982250204 4.89263881568
134.488736466 46.6049723335 3.13735346892
84.6786742758 304.863063829 3.65734011892
95.6436362523 24.9816041439 5.84679809776
412.000670431 418.793529253 2.32552056213
0.247806396147 42.8021428415 4.88914578306
88.3587700071 248.617775275 4.79904405783
33.5065366163 79.3356164677 3.40874198786
96.37569651 30.7001865479 5.41468086782
47.5293458087 49.8821403205 1.24239478639
20.2804645431 289.907526292 6.20490078333
