0 70 80 0.7853981633974483 500 500
186.61146455 453.820596058 4.92588770501
95.1279130918 493.204124074 2.24361277939
350.517315087 41.5246469211 1.59205851808
429.838065082 62.1735570967 4.61562349078
246.510650809 100.500320506 0.961553518669
71.6294834584 103.796717211 2.81014891913
209.558836334 75.2347380028 3.93351789645
16.7458364738 335.261771324 3.88614972157
78.4546934931 335.771676437 0.0247002862929
457.119848636 202.544119689 1.18789518891
146.648606569 267.553507107 6.04302564338
130.000836725 24.3177369042 6.12721904081
498.791141539 260.605188122 1.58726573309
92.5695242848 40.1295070891 5.47397319945
148.173394798 32.8617996723 2.91549988757
59.555754478 20.6477402692 1.1350717771
33.5224920561 11.9406458761 2.37107990094
249.53202951 5.55496823499 4.55797598241
39.1888918355 13.88532938 1.20737265817
246.157243145 399.119968828 2.82007023897
335.007201672 163.917327129 0.748087821783
48.9614902649 203.680925344 6.11329166056
224.254250771 100.69074209 5.56223345191
19.9168649576 66.5682077295 4.96579004601
183.839607874 205.487235507 3.63036790956
81.5310374694 423.895972303 4.62583566193
129.372600504 72.4363917107 0.322894695669
352.958509546 236.923865782 3.81087230218
408.147941335 132.181520032 4.22957384218
126.290385337 341.484876416 2.99235025695
30.7946455809 22.8546084771 4.02007067494
33.183178728 118.008902797 1.98784491438
222.568729174 138.213324165 4.93485710744
5.16316149444 107.857664866 0.753469378794
312.022461288 293.074675761 2.65783463466
378.69481232 400.475498927 4.18096342505
143.205711333 64.3356597466 4.51917687751
337.40304651 29.3374436812 2.75570083738
115.327590953 348.471181772 5.42998091958
7.86028793563 128.81262026 3.97250635295
327.06815211 194.370009552 2.36710786423
247.166126885 85.772062794 2.28931598489
124.924560434 11.2158756318 1.41915708193
9.09738345966 146.934543609 4.28081965243
182.504163965 92.7810854724 2.95171713097
75.8948418583 195.565858606 6.00943750838
51.3275104037 245.71473924 2.46071150593
256.582307855 74.0855417343 5.40369612022
265.404683527 263.634370233 0.653779397904
259.102515044 387.944181348 5.97988903579
44.3578563514 61.5541616194 5.12439978244
48.8089572752 78.4117653807 3.15710827604
137.868940346 14.0872890111 5.13303478859
129.094527001 115.684833537 5.08262246634
133.913358058 26.8464390926 3.20266576086
329.172463447 140.783324884 5.10481507214
305.65605322 13.1064569016 1.11393467059
319.326014911 95.9776576356 0.976693229229
358.702485043 53.7426880651 3.23375042626
13.8010139086 112.207086778 1.41772271391
288.134067122 42.8835189543 2.08897416899
191.509260652 72.4791100974 4.53113640008
31.6448886483 100.286321908 3.44065311271
61.2749606836 321.28249547 0.42804901167
284.193040812 180.460693074 3.4738415335
70.1932404126 63.5339721688 3.2246968708
276.205586806 175.106115285 4.06976449702
67.2602361447 210.797412341 1.66100502368
81.6624227907 94.5247139319 4.93842473186
87.3433637507 143.040008302 0.271918413642
