0 60 80 0.7853981633974483 500 500
228.599372728 296.955280432 1.70436648275
381.028356447 342.310641093 5.41265528477
41.877031942 149.034601027 4.16952620989
11.4529966301 268.943806472 0.0568847666836
30.444416392 66.4979716663 5.37338345242
75.4163417121 132.829638571 1.63354717611
57.4841041322 224.628550117 1.96374281805
142.968696338 370.008950822 2.54599104414
54.2671027618 78.3839913357 2.03966562331
61.7900577728 52.2733748209 4.0100374657
31.5581013646 179.174947932 5.62512586726
97.7159640758 115.04784011 5.83410548314
172.698327405 18.6115811417 1.37748646961
131.372858149 407.550592085 6.20002052177
82.5127909923 26.5052419092 4.08676516827
13.7564088334 140.934952647 1.86433877108
13.0712713625 225.206634525 4.65835009753
244.711490593 269.84395258 5.85184204753
233.99700024 137.078950568 3.11097538687
119.586334997 49.1490107471 2.23371181027
263.268548928 253.32727891 5.92183270022
40.2747977686 10.1913175909 3.12534331885
27.6847828998 322.120889976 1.90955003145
35.7688858169 69.214470074 3.90456437661
93.8843502073 6.20362674122 3.28133441292
69.769184629 53.0471547874 3.70981058831
261.88442328 63.052501668 5.11368876779
62.928910747 25.9623379503 3.91067360191
110.459838376 121.201553917 0.116161386533
3.20763476217 96.9993700392 5.47323218296
32.6106479569 27.1788739785 1.19751801118
326.979147225 356.53771508 3.86478677982
28.5222335178 67.6569847299 5.11753993288
322.533687673 232.02962521 1.99716923364
345.581887914 205.263408576 2.25622712223
193.189775309 101.752651815 3.47396935673
419.940608434 57.5926966807 3.41810898785
294.707241863 419.282141974 1.12341889376
66.5444286387 225.195912244 0.410438842461
198.223538896 146.990636812 3.93170248353
33.1165838113 135.494432275 1.4933745808
204.784382692 98.3530888071 1.28832324065
69.6377300213 239.130429996 3.32421181423
229.672482312 357.924766647 2.36570078142
494.795789104 81.1299887938 5.06652498817
181.495138404 115.880881487 4.49711243616
80.659390385 104.584908876 0.192938971043
39.5521683096 84.4294700573 5.25153593227
76.0141852658 234.701230472 3.97159401821
162.866940891 145.209234009 4.90992366646
232.746736352 110.774680261 2.05163769912
100.638838975 276.616095913 1.6510853473
490.258336402 317.835362154 2.64025731041
339.464915796 183.231036587 4.21521051685
236.783874551 104.975219383 0.628593662151
122.573917834 35.8995932135 0.36678019754
40.4997343449 4.73793133079 5.65349736071
357.137801729 218.148044295 5.75647501451
222.568951786 146.925977983 5.66776010548
251.674692345 100.296044708 2.25703888433
