0 100 80 0.7853981633974483 500 500
267.03712264 173.16399366 6.06325106949
382.424896072 69.342972699 5.71036219929
48.5478541578 140.363303714 1.45730451789
151.026344238 199.768926568 3.03798709438
389.9276355 59.6945217809 0.728787600529
20.9335301346 214.240241651 1.80330134661
69.1218860973 398.711850783 1.60788412574
30.2541514498 134.849097462 3.33457362836
78.4285928831 227.461303383 2.98700261315
269.592891784 25.0331354398 3.3697356857
29.1853036907 4.28056260768 0.80861474234
98.5546407902 238.853167588 0.594791672412
121.535633049 87.8289375317 5.00644337523
272.129510855 270.135354809 6.02997952779
230.604877268 5.37767262743 5.5112257378
206.038355008 313.214501232 3.89473312346
36.9095528952 213.457412774 4.2325185949
169.187877744 37.2982737821 3.44174849996
323.497744419 282.162820307 5.04716451195
392.888887054 341.387326555 5.23758025208
45.8517654798 303.299984139 4.51165647914
359.300399289 165.269965352 2.74461809306
317.904680304 222.647511926 0.576459609167
16.0206593938 251.972925441 0.334396999637
163.865794183 321.644595767 5.65087886801
29.3626649786 265.415779261 4.9802191045
201.622046211 371.840184404 2.00563251298
227.927382459 14.1695115516 0.581680216974
63.8842977133 201.175056144 0.166753198947
214.444395018 229.532177506 0.249503945375
375.568531147 185.945037035 2.61959324678
324.159033668 2.18681484272 5.87932028511
201.757685409 91.2339601651 3.45155110926
42.0607960343 204.656276685 0.651396471836
140.723510326 414.073259482 2.86547662993
13.1021837815 8.61606720329 2.31090924448
34.3058746115 181.176257746 4.75534646729
169.698412585 0.882364752816 2.24250541604
289.481862875 239.124103615 0.298988659721
222.191965396 52.1416717174 0.934745474825
65.0738771752 135.121322589 4.76319529725
45.7144992631 182.176865531 2.31776207568
14.3418237889 24.382817354 2.73031348567
30.5138708293 4.48263785142 0.317679347586
394.725015906 153.875936384 0.283813981459
137.603752198 147.845953603 3.77553435262
181.577345143 380.841491284 0.921192394289
25.4105673357 117.70671057 0.03393898724
34.0139155061 207.530692941 3.93252824808
315.790041251 226.805462947 0.275598709873
103.25946284 209.784469795 1.08315467527
101.247442416 45.4776062823 4.77725053395
144.794049167 320.731057081 3.38514054945
435.030051559 310.730753789 5.93102004389
201.192197411 280.692536665 5.80078020063
236.530056574 288.715307528 3.73395638038
48.3821833695 255.778213862 4.28577250243
307.76300011 189.523105938 0.845623332607
313.504465288 145.051465934 2.51556401553
14.2237566403 154.678502063 1.42111407977
93.6398025919 41.582844304 0.432633980069
222.98358279 340.000382157 0.391943318213
67.8898634289 158.237040003 4.2299366795
3.95973289601 206.913103767 3.29469713769
233.466231388 118.458277208 0.990733087434
4.51512819653 8.28102256382 0.445838953924
103.471247833 160.309478634 3.82564113722
454.429177332 227.179735633 2.70972473696
188.135210247 111.928122206 1.7533987876
9.82511364433 6.76534336852 1.04707506024
48.2171734717 27.6535911553 5.7674099559
64.016620531 478.451571676 0.735025943356
20.9853856163 218.0883981 5.96114922401
39.1064726909 131.094552193 6.27127035312
254.020836246 42.4207554411 1.3001267931
157.491542641 158.060859232 5.46794348924
40.331522365 282.875435766 5.39213297636
340.360756982 81.9092180062 0.442173741599
282.350058204 304.096082862 0.676901883975
140.251331108 69.966875023 1.19771294904
279.632703733 284.645779532 1.1841837238
5.09428705118 130.903769807 4.63954391567
44.8140110853 347.040289125 3.09134985743
334.10777448 68.2890891453 2.26021434344
11.267874568 219.094654325 3.30479315446
298.616853359 312.080316835 4.21530690606
195.92512953 153.40862875 2.52095215116
195.272095229 54.6887992757 3.17413109356
95.2584940206 168.168721336 5.34162788205
102.954274517 18.6387421124 3.01350348413
56.7612159039 30.7205706113 3.62287906032
65.739628486 152.690018709 1.65722674802
15.1379533237 411.12295952 0.423928781778
9.13941097093 185.716571732 3.29868787484
50.6702477344 81.3555636523 0.235182236338
178.563253358 294.897913362 1.28392877576
344.887063325 124.107452868 0.451144666372
319.245905169 324.342801178 1.29200135105
29.2763410113 208.261951537 2.07118066696
65.2933189216 299.510861243 5.83604159843
