0 50 80 0.7853981633974483 500 500
110.300268517 155.120615263 2.61682881417
13.4435431709 88.5205281894 3.32477307386
397.424841918 298.723210292 3.52374723123
60.2407042715 27.5705832639 2.95543691148
95.8409269083 153.191519406 5.39064888361
102.535634138 71.3767585545 3.15106481074
442.704813031 232.952521002 2.92029120544
294.598328482 208.220346316 5.64494603477
237.773371012 352.724015858 3.66274979926
14.3688274062 25.8118315636 4.16363126906
29.1749545753 166.621413147 0.474410451345
86.1929947666 52.0695114672 4.74906035948
147.659241468 184.500172461 2.89414167521
456.278748022 449.360867831 0.245493680655
12.6908425735 151.104627895 5.22030657267
36.7818985511 292.991463122 4.19480806515
185.452671666 286.323761279 0.0903978149857
398.298131051 204.704766438 4.77251534107
7.20190382148 415.294886197 6.14794706261
280.581243799 239.056137003 0.403549369678
283.680196883 149.269748202 4.69939150748
197.657299228 140.656050214 5.77273865368
197.180299935 42.0946429533 4.6223304465
89.1201177661 26.6506788721 5.12300325093
84.4817357532 130.209083424 3.08464367648
44.2296241213 268.228380199 1.25008587165
410.683211491 107.348674524 4.03247482391
71.648602824 426.292578728 4.35351787419
42.5197299434 100.959466594 0.067329078624
108.476089696 119.69966995 4.07983292434
53.4982442525 155.842720636 4.15538992036
352.551333265 56.7369352349 0.837518337537
386.690684622 273.419025631 0.521102324881
316.08601116 333.326243368 4.85575815142
75.1004504113 98.861944639 1.93590009491
245.381312237 103.990175252 1.7949240759
98.6971086117 283.728579594 4.00131876917
192.542692913 2.14170263668 4.1350370993
209.89783262 101.96950063 2.2027269952
68.9121562298 188.820788881 1.61421391387
290.816407058 406.108221907 2.81353498041
183.410205882 303.016884599 1.71006579964
86.8157887953 10.6779469985 1.27284453528
42.4148039508 65.135298379 3.14312720475
121.120851738 152.19114751 4.62218536352
176.509844032 98.0932364729 5.30478639782
174.207771112 325.064479535 5.91707520704
150.433267405 91.7949704216 3.12274164958
86.6760062373 492.043316809 5.52752733965
149.184130409 205.2425231 1.05112865344
