0 60 80 0.7853981633974483 500 500
283.155719776 109.927811146 6.19481891228
276.710943707 402.077135 4.64843186524
396.165799994 240.244527411 2.90734188561
158.651419245 18.9715186575 4.46284471898
60.7347302827 12.0665417413 6.08345124695
85.0882052929 105.677382477 2.25057879158
129.291903471 59.5328681376 0.555524637873
383.206137709 197.943199626 5.98134282184
11.0313751819 372.607782499 2.03954195174
12.8080028738 360.22803204 4.71818383962
84.9729118784 244.144475082 4.25035456789
35.221787233 80.3978187286 2.92775216148
108.809026928 88.7242631681 5.79731695515
428.097270646 308.896068559 4.49833874491
425.248553236 261.25461842 3.3592616964
47.4812501977 147.545583397 3.4375792485
110.566754851 132.25211624 1.49761158021
170.455979852 66.2531563172 5.0806190016
6.38925988745 395.403111042 3.34922974914
138.755853904 353.772330363 0.711808051695
195.391119203 309.324839759 4.05066028205
0.00465343823121 89.9808174532 0.904185078326
203.493844728 160.674010055 5.50494529781
108.248548715 23.2198061909 1.39896115284
456.856432558 73.7701312754 4.09832638279
152.715073751 402.012816725 4.53363583479
26.1979183523 447.910671701 3.58430298793
347.910186664 248.408148633 0.273448743017
417.198093432 33.2337996161 5.96259922172
52.0927389297 126.324034525 0.120953304687
220.112904572 166.527658156 1.11051811867
108.575794006 7.60239711336 0.644502737635
415.901818522 52.1700362866 2.7753797749
265.339963542 117.350578943 5.8286550635
174.761715974 6.04241630292 0.296548994991
9.8934191945 54.7972806508 0.129375169099
121.196791152 262.469457384 2.05855698665
22.6110504539 96.5204543132 4.07923953894
19.807520916 78.1106561641 0.249622839729
30.8258424471 79.7460134376 5.23157879852
20.9231256759 148.606359883 2.56682687272
494.484587098 121.295729867 3.9421203768
122.116808533 262.763848668 1.13420113055
0.0415600003081 270.969160243 4.0925981887
125.492707971 167.960839745 2.93326562879
247.728763045 72.9826681299 1.51513269119
55.2183128893 124.478150131 6.25027870188
11.1460697014 19.2195476065 5.66163955975
119.122890872 172.825049051 1.36992288439
140.576639852 16.7473905124 1.06326275577
47.783495834 165.059410739 0.403389379752
56.6388862998 277.119372195 0.489663146691
385.909357535 185.813565107 0.193145321394
48.2606271522 51.82362955 3.69327618481
343.620184547 321.961849139 3.89828339147
278.970422654 259.684827848 5.66616894231
124.464273435 82.0394881326 2.55268239359
64.820474103 393.81291119 5.25476641242
36.6864387816 322.768063616 5.61492472138
36.6413387459 3.87876485076 6.15311067031
