0 100 80 0.7853981633974483 500 500
120.07211833 268.932363522 4.26906437787
148.673847974 41.1260284329 6.25750181484
180.013533708 227.951366657 3.38970280287
75.6411571902 238.736904292 3.07533649241
238.371060581 228.701593886 3.47333826217
26.5479921238 128.407012536 1.37307410804
77.6712124095 318.436210426 2.47063099983
150.879351469 186.023310993 2.3429130808
35.5674754663 121.737135855 5.33440061394
57.9234162542 72.5021322026 2.01061139983
77.4259936383 62.5475925225 0.350553394782
41.5895493898 147.966443215 3.79660165809
148.85018422 99.6989253027 2.96325778652
16.1327055144 79.0972616235 3.03274762955
392.532312925 67.1426759483 5.58586759636
103.538613187 226.977809453 1.86701735461
167.412845923 72.1899280309 4.7512139992
340.882430995 339.084935074 0.974100860912
85.2894967183 425.135874397 3.15943833584
27.7378237428 418.749141586 5.91436069006
237.4325068 76.3569449457 0.238577979208
90.2331002122 281.337047474 1.88446568754
374.37743935 88.6537360328 2.06232902828
118.649106583 49.8247608204 4.83535755603
130.706193841 244.914904375 4.92479668142
62.9175129874 170.35309038 2.04009087895
69.8756558522 72.2972669669 5.84001923114
398.954378711 183.664923273 3.39649038056
289.079950232 131.452031133 0.509981909739
183.995663779 225.94310027 2.97447251036
7.90690722059 100.819652289 3.67119307704
242.90102357 30.0514921771 2.17097612044
176.857181296 31.7244322808 5.68166851219
373.53586285 27.2945987535 4.30453766942
294.089308129 22.0421918344 1.28859004702
36.8575225708 11.8091368842 3.03167199354
5.78589737847 9.3157270658 3.51736395102
314.519144001 55.4019238518 5.59126820492
381.163805222 310.915543803 5.39585210047
358.266903685 66.809029464 0.0921751376902
9.36472018499 42.5607713996 3.64982281762
186.467625545 204.547681392 2.11344315426
240.818942509 56.1436121772 4.79589712232
57.0632779603 64.6953399444 4.35080515063
94.3460861517 440.48741483 2.28214976734
86.4250571536 336.556292021 2.03305660155
27.6562545065 27.1776861201 3.52252953524
11.4025645358 257.611681472 1.75984344126
30.6091778575 141.191506868 5.00072639073
16.8053174943 138.352090862 4.91786700446
498.42232756 371.584186073 2.16865857606
221.176999555 488.955049032 1.83664114518
142.109316554 345.814018552 4.81115799193
108.106152416 283.708022362 2.49025316551
373.020599171 314.637829765 3.54921516223
58.6399277007 164.061906745 5.37890739872
368.085063592 448.737497599 3.95456247916
55.228404402 10.3064698669 5.0424438476
7.62964365244 218.400897248 0.438485450754
181.046366278 66.3032504314 5.30502181707
80.6985823998 478.745323466 5.73890940592
76.2275450599 3.0538269824 1.99392222286
1.97780280563 421.734915831 1.60535110093
236.520406085 46.9435276744 5.98803475814
155.808243464 380.010678299 3.99222543487
66.7671139002 362.07851588 2.56496508815
69.3818311041 59.9655696134 5.31224057145
18.9078087966 215.177290288 5.39368964919
119.409325972 179.474942357 3.23662480494
23.6489316703 220.874501168 3.71006917135
325.737362681 158.016666948 1.96545358114
193.292836306 52.5584066821 5.85121636082
137.529402798 192.964416125 4.62847392313
157.77297339 336.804545169 1.14301021375
18.8427007326 2.18015133294 4.51138188163
40.7193763761 402.330881184 2.96914899758
141.534432555 124.511387724 5.61463260618
115.726127117 266.342891569 0.870831859369
102.722911957 167.386092486 2.79902614655
199.067765882 42.2275752135 3.46891561224
433.13276909 53.9929164483 3.04540269256
236.363442685 247.795858567 1.86711010317
229.495745699 22.6263133743 2.05922882987
92.4265491664 2.25606113946 3.72595178589
384.73880716 46.1827710146 2.84359318182
223.007034658 82.9182335443 2.89742473607
222.560901561 197.874430188 2.72673607001
156.920393485 184.761550174 5.28341496613
327.253009155 330.827772071 3.37858858682
31.5234447684 430.334656182 4.44689272093
453.087436914 181.788106515 3.4216162001
72.359076585 485.372344775 4.03106982032
122.29495965 301.615508942 4.55355931586
450.608077819 243.958643639 3.5305287574
393.71989358 6.6346646184 1.15741270443
160.673790684 71.1887374098 4.05848113234
115.823434297 32.9648603012 4.27721351761
162.152567557 312.997723334 3.05969826416
163.231234534 193.435083696 5.34893971323
121.222469027 333.157589819 3.19460732786
