0 60 80 0.7853981633974483 500 500
75.8916959038 50.5685386171 4.75614264899
2.39002188387 401.531425346 4.29622711302
184.62113358 253.676726443 0.266407444684
32.0268643072 272.481409648 5.55813851424
26.1127740368 300.636410131 0.164494152533
149.348558445 357.204247835 0.682672440274
333.753699515 336.263438646 5.46473959723
150.340089245 27.1530196382 3.15605918494
248.375719383 438.150208289 5.74380730803
332.372881439 243.705034814 1.16155284487
101.15670929 137.691295281 4.80389581882
11.967035308 301.264239471 1.24090509713
38.342680887 143.418420904 3.27821872461
166.919349844 282.727602378 1.85075512545
287.901145683 18.7189637296 1.12641735658
52.1738181978 253.672754932 1.63178813564
54.9257160586 160.445992366 3.774182484
203.570317435 62.8821283677 5.82351828038
14.2504048393 84.319102917 5.15674671168
393.824799198 199.596282681 5.85546347906
150.059498439 50.3794432053 0.988450200847
343.218888184 13.2715570177 1.5326358509
321.512562586 15.7406888853 2.51355876102
4.86629688537 246.460177963 3.2441881938
25.8027773509 36.8847292073 6.1657550406
135.900444197 17.4168431616 6.16621424558
66.9895981362 259.008371177 4.43077363056
119.283591356 74.8048020244 1.84652866231
392.955407213 369.084156724 1.473332192
67.6127806458 62.7698857117 1.60504426856
34.7091669975 54.5886021074 1.45692451566
121.90029781 147.698137159 5.81482904656
29.7979589613 101.151622508 1.32559844713
238.301600785 207.784732514 3.36682611599
38.2830436991 246.150097544 1.63616016032
335.432945951 228.371015945 6.25243956002
238.301363937 192.427418019 4.73669687456
3.14881801134 427.269836501 2.24824055302
95.8476385646 320.081797376 4.35355130639
337.931034129 112.38136532 3.1519023978
392.287395791 401.707719417 5.65218885052
304.649333214 56.1499259593 2.27851200423
89.3443631484 122.455176528 1.33461559549
229.786492322 3.89396452942 1.6897565566
13.4086255253 128.327347208 4.09635476805
157.204390134 28.8851371845 0.623519327403
259.145859024 145.171600268 3.90954308891
42.0004681475 117.361783985 6.2706783059
274.218382916 346.425834418 5.19902785123
56.6529347954 17.0340273139 2.81690921694
97.9491708638 326.556085454 1.147914127
257.964518351 179.85200494 3.52191013492
39.4258773987 10.1364801429 2.42911572863
179.588015832 280.765558662 5.49001561314
154.953603755 314.971721302 1.81215626868
435.555309551 13.2002702646 1.28801619981
152.397465571 16.2341231267 1.469244463
24.7101867706 302.222640289 5.45617658038
253.179126651 216.994727832 4.19604764947
172.77663589 440.162020501 4.87853038425
