0 30 80 0.7853981633974483 500 500
12.7584092299 2.48889835768 5.87484617465
258.102710205 279.892846929 5.21009710361
323.973944554 310.714164479 1.25006131152
139.892091556 364.591089009 0.0485464240834
7.07659695541 143.371157197 0.051113189026
187.110362546 161.693731985 5.59458573108
427.158069747 271.105672143 3.53574416086
200.293089106 271.170021228 5.721166815
206.665194837 334.09085301 1.88153130212
347.621010434 20.6684655957 5.79559893088
247.687627977 18.8225563979 2.5708613736
123.024049999 283.6676231 1.84341953423
334.92410731 304.814955666 4.41170795943
90.2896614789 146.90667072 2.843119513
212.842334298 102.787612897 2.30258491982
303.948953947 337.569621205 0.403446920609
128.40544038 295.014108604 5.59701324987
290.88123488 98.2469171831 0.16107506868
117.114385254 493.543321576 5.77919905046
33.2724844747 37.4922959026 4.43323059456
300.459776871 95.8091018504 5.02913402833
308.858048168 234.472276701 4.74441667878
29.2184054925 177.149820839 3.5649691374
36.2534320335 217.658635572 5.50923092531
35.7840189674 384.460351452 6.04286010234
161.291075672 112.45115947 1.78747401642
24.8236990898 105.339808464 4.02294416477
180.17888936 239.22777611 1.18549442985
259.859489287 5.73803458792 1.32980583203
269.046458224 47.7513281069 1.22434803963
