0 80 80 0.7853981633974483 500 500
34.3566196417 129.054206644 3.53875933938
16.9573162945 12.8916470874 1.30078229699
272.607656976 23.7228976262 4.18085537529
98.7028380338 141.372346945 3.26058973479
10.0990049205 290.195596385 5.55292137333
9.26322618425 265.823385452 1.60004078
7.1642409216 26.7791165585 3.60831634129
259.316147594 129.250825412 0.225218131889
56.7286824039 182.999921915 3.15671786689
59.5238579969 180.457713402 1.72515891669
48.3038670641 113.72344966 1.87066577931
84.7951925905 23.2659120727 5.59794618525
88.6825930396 220.342150372 0.438468201235
273.246230303 21.7575693965 0.871197599126
22.378779196 194.571545047 1.97052103374
15.4522342144 259.007982874 2.71150829885
22.9118305129 468.83715494 0.283301304099
116.489394013 35.4513093673 1.29539469379
389.74665868 308.394462174 1.03121222993
169.817356984 90.5036267695 0.62475947577
326.319080302 480.171828309 1.92586992293
205.1326562 270.279089223 0.162432032585
78.3292510987 359.594734845 3.09821360499
97.2316535181 66.6596990497 6.13513620742
313.953058512 72.2612261626 3.0378978283
175.125941279 76.1496790898 1.25151018538
126.175545123 129.987358122 0.41904461441
109.904445737 56.289057614 1.47163218188
497.826245517 183.782057359 3.63109369007
266.088152531 30.8223596995 5.37553503595
446.51286244 182.922149233 3.52902695362
404.749466526 157.350894117 2.0450102644
51.3554266513 141.570327047 5.68913897014
287.961788455 34.7100829341 2.85905583184
35.3319260803 162.985792034 3.27845926945
190.906041759 92.3630424792 4.82146480868
57.1805886262 444.302230532 0.83420239852
85.5300761722 29.7301409723 5.09957282519
15.7446186356 84.7452776327 4.69746042998
18.6400231923 37.3337686896 1.00762956324
10.4244772294 37.8386621964 0.491294826973
116.592394833 168.485124912 1.19014271736
168.605829444 1.95957304283 3.58686584913
209.959261603 313.516446191 0.330584708802
235.652368496 69.9204001393 2.66729085334
1.49322174531 96.1285933375 3.2442255892
241.610948946 37.2309289704 3.25183088754
135.655249417 65.6216453227 2.85949167517
285.005615399 243.694222264 1.52188167893
476.987947381 64.242409922 3.15598180247
375.129699833 248.829049458 3.25058620666
76.8886107789 84.0946826454 5.64869203498
13.0523707265 272.159687094 6.17068121469
59.8285942916 313.77068024 1.88225091314
303.230107665 61.2693740367 2.17813402821
308.626715531 144.750282054 4.99702757815
88.7948393803 441.444499467 5.63365397701
199.32951882 423.621600161 3.18717759758
79.4141658672 247.085329461 0.115149590925
295.34740672 208.992756939 4.26386718697
320.202750011 240.076256925 2.52409013705
347.792882847 58.9257473479 5.36890986438
116.300559992 234.773587857 1.38706528
74.4336297206 36.0188943265 5.57402840065
165.001464947 475.241217881 3.16025476298
180.649421859 185.467445856 5.40690389252
97.4193856751 122.792656125 3.99815562989
310.225425118 55.8045743186 1.51428945313
79.846196255 149.090114781 4.93890244836
100.036894256 67.069487437 1.02070288677
7.87697967901 361.675241181 1.42538368354
126.844996243 262.323587667 3.30578646743
8.33431855245 37.4515397784 2.55163787171
92.0432516731 41.441244099 5.18387707946
424.433535191 69.9603221178 4.11805817992
296.726644147 383.843452328 4.18968381567
22.2850032177 0.00424842922384 2.69547229065
101.976874851 250.839506109 4.57430183388
91.1310923664 374.119187479 5.36659878445
215.737020714 151.877261723 0.264493254001
