0 30 80 0.7853981633974483 500 500
78.1729083651 86.7045444886 1.73771956518
460.448901909 399.233518819 5.38266061202
88.9041213849 382.011097934 0.803473386563
40.7923991225 491.067994849 4.09039644836
145.666499975 140.811071341 3.91715665534
181.321370342 289.825598003 4.31945679767
123.102229868 95.6014588542 4.64933078483
196.207974077 151.772061932 4.70317032727
167.828188663 34.7479992436 3.73220181347
186.893881153 212.675755615 0.103549833661
332.270677358 194.526886192 0.561657542257
87.6431684832 19.3882045178 0.556498871317
154.881668195 93.2821785096 2.90838746717
334.661795683 56.7740025411 6.08978768802
15.8405118302 160.864114943 1.20362220188
13.314162354 182.869995179 4.23738768076
178.626260088 34.8468375641 5.77755217673
11.1241436548 313.919829307 1.70173056408
123.931589679 312.846398976 2.22944535927
287.74812744 176.234024475 0.54627029508
494.932662139 258.413170684 5.35011848782
334.21646689 67.0807614927 0.34365465187
125.287219895 19.2702141765 5.03596426136
26.7661712478 18.2966740736 1.96300084887
478.394668547 418.204507107 1.04476159203
173.833270546 80.2605989557 3.65702284236
100.887835922 106.073360881 4.09212081505
150.889409663 24.7264817134 3.32060481052
81.7672656063 466.262628495 3.0923123915
38.249333577 13.0565005735 6.16977732708
