0 80 80 0.7853981633974483 500 500
118.27953727 156.178607515 4.79049187793
364.663746731 36.9164682391 5.76139131861
36.3023239856 126.548414565 4.05381291976
208.067570487 284.100637457 4.55802607669
441.373241938 39.3847989558 2.76205828253
40.8270204196 465.002139424 2.91566290491
449.580107246 151.312156956 1.11254181845
166.630063026 21.0905808057 3.06723388791
100.409989745 67.496829709 0.387298404443
55.4709980685 329.098861467 0.0243872971513
173.756244616 91.9584065756 1.64996422672
177.60246711 182.442453035 0.35109656323
482.329867254 275.24676768 0.0772378670868
80.6559128535 15.4077439946 0.363742788375
128.577128974 129.589436478 4.37312927597
158.126130789 52.3460186158 4.45874608295
352.894803105 283.407482576 1.37225903054
295.767841251 382.759467744 5.35556893219
160.246305975 405.981553093 0.162034298929
4.58705764523 257.445711854 3.59002184184
432.578204526 159.601765172 5.84754222908
261.512413595 193.186370116 0.607791328913
250.081751363 279.0561953 5.7516462703
195.389102329 118.658873565 1.16066103212
132.308421143 459.499280543 4.5009994032
177.042186453 20.2726978056 0.00501210553804
57.6220298132 48.1518123207 0.462082806216
310.312367455 294.633433685 3.01420071388
42.0529326439 106.41448592 3.01634516654
105.93404988 127.966715772 1.14255951279
59.8047202898 395.903778447 3.52053625961
96.031142388 278.065880977 2.7822692276
27.7509747516 183.708558573 1.83511850517
135.33031771 20.2666935462 4.43625647034
402.420621972 477.628841932 5.11935271808
65.1979087188 215.770520172 0.367035042129
318.966918167 77.660013777 0.553448701725
8.08532135968 223.184753143 3.05117389319
16.9666176797 325.582207173 0.916844379393
204.316336485 25.0061506175 2.0768469582
2.177435954 267.877468351 2.94894486188
140.034629914 123.493014132 4.84502448067
34.8557078366 22.491899839 1.51930724912
107.823292367 3.58882187693 2.09972662391
83.5584021423 17.3459140924 0.462477304942
413.799438102 35.1615060898 3.9361308003
102.593359358 224.560587373 2.08802394434
104.966219088 69.5681879192 1.42157005766
41.1487397045 151.272375539 0.630949644771
43.5197576286 67.7412786229 4.81185823588
9.7704617028 305.434464603 4.54997337146
70.4022506045 191.124461099 1.94771191773
445.0537059 0.966765146532 3.46425664294
15.3829375076 44.7502006817 5.9425267329
10.6605220589 426.27022356 1.19910258106
140.619061539 155.716040811 0.882093375063
49.5109631021 189.297350361 0.428448412864
25.1011575438 283.013393083 0.491008528095
86.3413705676 10.6693959954 1.24537313989
98.7836519958 157.083735289 2.10835508228
257.638134673 36.2414089252 2.93980174039
108.343354797 153.611177835 0.736160192598
167.754076485 105.958538602 1.27881758366
78.5730286414 264.920608123 4.39217124707
430.744950609 172.46722409 1.92488725775
54.4536616735 7.59500753692 1.79252959877
66.2118798722 106.575984882 3.82944471722
217.093023685 214.28382914 1.28518494834
39.0789826198 112.908929997 3.78370457184
50.2714267899 211.546999285 4.31115671487
308.967707282 17.900332609 4.12770804818
428.445188062 452.935633166 1.56736103062
167.02735607 281.957196281 4.40578744074
254.37742187 21.3673687669 2.65987936208
143.379261522 12.4965226746 2.87570774636
140.646335563 136.515774311 1.79584709017
56.5898065819 141.123405262 5.42977143591
310.475000261 371.441127081 0.483625588343
86.5282301091 50.8345456565 5.04499410557
351.17026997 259.171392744 1.18740857722
