0 50 80 0.7853981633974483 500 500
289.192568336 16.8521988026 3.30597628026
44.000534424 462.276756354 4.41579156641
325.972335031 452.114823766 1.06318401136
269.550624057 41.2821375172 1.10466199067
317.280812401 47.0451754862 3.57744201708
130.093164643 423.17788129 1.61705359831
7.87876894924 145.564809111 3.95291403479
349.504037978 181.554689952 2.7514731224
485.191649957 57.4992235075 2.37359942991
438.570921083 167.869744627 0.923035834374
112.299414399 77.8380208689 3.15743158331
29.4556425754 52.7095693737 1.85840149494
193.709321522 32.2226607809 3.08437937073
427.568165288 115.092070798 3.17038653521
12.0216313856 9.17913096616 0.115206706293
76.8879940741 341.327176271 0.483751569537
34.7463544752 159.023855939 3.92430821165
79.8362401842 395.252967972 4.65922449495
2.47273133967 461.951611582 2.14655860751
325.108290996 75.3098125614 2.74208455618
2.21784068324 234.55841435 4.20332864809
95.4442903098 214.908786448 0.243266413483
237.962856007 173.499103836 2.23835835367
44.3539836338 316.17648905 1.7072010891
115.117050886 70.3716664368 4.52935944928
119.811412132 190.343937722 2.35132783116
94.9794733954 221.041079906 5.31808775464
16.8541624776 42.6288633069 6.04043657949
82.6064006303 30.9088661169 4.84397371987
113.165650952 10.7524275059 3.54812567184
385.359820457 333.337152651 2.35107218321
475.264648944 12.7237699018 5.11535436404
73.604768217 59.314683459 2.65292778471
207.217191993 26.5900399885 0.721356972587
323.886083533 27.7868084928 2.25432287678
279.342196143 15.3943571453 1.5289577251
460.853337776 43.3799210998 0.91739004886
156.122602926 251.430159759 1.18905620176
262.341152116 28.8229203383 6.12279427648
44.6468277494 10.4402987153 3.1822728849
477.837466529 96.8688433415 5.30435281105
103.577830293 332.21119103 4.17416402346
461.88020746 24.0430541739 0.996864465675
228.055352186 312.483598076 1.63666773872
5.04258026938 203.351000443 6.25761073017
109.342287574 105.149951744 6.27558190604
71.9943623972 80.3986189519 0.26055648021
133.562616684 348.511373592 2.21460001217
340.847843651 216.325257953 0.0111950731686
467.99936437 7.64172140275 5.96163272638
