0 100 80 0.7853981633974483 500 500
316.83515199 7.61733960599 5.59657832003
65.7312299956 82.6504591178 2.27734245818
21.5641203685 194.82138589 2.94907334682
23.3902874551 84.1292740908 0.995733899731
297.312204701 184.697899149 3.91033395757
251.589879229 258.0349427 4.81258313399
95.1737723575 159.445727263 4.75847943265
10.2443232416 41.933193176 1.67361031519
274.587434241 250.960566169 4.28623364441
388.495978835 125.846226064 5.73081130145
87.5359645932 498.172690001 1.59378444261
104.69690978 61.5131090844 3.62914667181
256.352104416 102.386351175 5.82245960908
93.8795027135 6.08013580179 5.0905671894
227.316524961 198.906820832 4.46419570997
168.380603574 436.506669856 2.44934995858
73.7262886145 92.6103539083 1.52532687466
322.199868123 145.64920727 5.66273362228
27.1162833455 246.273467065 3.55497364709
325.796067039 5.59631673894 1.24303709292
29.4261588686 12.1793798091 1.32689734016
38.2648638386 122.690455872 5.71755929686
186.227661483 78.9976409331 2.34991031254
126.311682112 295.12529107 3.41142945686
19.5402898125 100.157306591 1.38690744636
484.844513926 62.3237632659 0.0986227299428
253.048041464 100.946261659 6.13932109368
101.3912249 32.722175907 4.38332362632
247.311914384 317.327824718 5.33436410336
267.063639508 131.506843476 0.70671431963
136.929965191 436.086056367 3.47957314769
299.996199366 345.284225855 3.23140909006
193.42424334 273.979498799 0.931862862963
22.9885592172 138.610047276 4.62864941019
321.470473943 175.712383201 0.233841157275
10.9391308391 424.428924355 2.2015224249
162.871743948 21.7678872928 4.40606480189
186.501461965 311.680697923 2.94687144103
49.6400941809 144.815191041 6.26904253038
101.62917065 105.129388693 4.49994228446
330.223148344 36.5569547339 4.00560986584
248.926939121 302.270288713 2.22537092044
183.467894682 136.374500713 5.90346026466
403.929696622 134.131899524 1.93693956307
352.639486823 131.304445881 5.31979588156
81.2818541303 191.494140308 0.411983209811
192.390933339 126.298320906 4.47920334228
298.184633798 436.1353472 0.518238394936
193.059240127 289.136403027 0.192148062691
97.1798449569 166.855826438 3.56599586649
265.322048607 265.73867569 5.64278913983
250.142284494 58.4552195055 2.73432189722
491.734580331 203.206499796 3.45900022796
244.488102669 30.1474479233 4.48841338145
435.220502214 81.2694983248 2.00714168589
26.541415182 485.607598515 0.571596984804
128.924096003 6.49302626822 4.92876100447
156.041798158 124.618460458 0.246952219815
115.963024967 4.22664555585 2.09526423358
31.7460862299 101.526375307 0.70047566256
40.8094377983 44.8748804549 1.77174205354
183.923365951 24.8473356048 5.89048820568
110.950392632 274.709096771 5.33925230724
184.159563882 119.907525159 1.16199864509
396.929259731 65.5499334777 5.19742317749
280.502956744 33.6961509373 4.77241554202
372.346165718 6.48292012558 5.26091519563
422.431484195 6.00980355624 0.736442346297
367.736650844 167.9541026 5.28704831989
90.355696906 78.4009628461 3.0339200636
372.579149276 209.571929224 5.73234872966
276.664129813 241.730339071 4.84361400535
147.952688884 381.415192576 3.196643717
200.248606707 484.321627775 2.33622687729
131.42203496 50.6329495374 5.29820304513
141.943589421 12.7841775218 3.00294045847
54.9643595464 132.953768597 1.49672560123
72.4881849163 149.312599806 0.961951623111
36.3816746514 108.96308047 3.65113811886
71.1903175872 110.980169009 5.2368061431
104.830147201 73.9807646262 5.36435824464
34.599826826 163.656149286 2.37654441067
272.248926964 77.2848468216 6.19347987276
127.870470955 182.270881711 0.816533504289
21.4259584504 38.1984660438 5.5883396657
153.491915449 160.119236633 1.26496717878
92.8167675681 489.938053361 2.49386027073
187.232858374 128.704862279 6.25576797238
99.687673273 26.7839278165 2.54014857031
455.451359758 64.8546968158 4.79053740649
361.5576086 49.7448737501 2.73225338874
220.310869064 124.880632385 3.08875571888
359.465028541 46.2726539674 0.117557301274
147.414486939 61.2237992647 6.26129613384
170.192891455 379.155638216 1.95583479164
59.4204274906 409.156058522 1.17715296317
234.276144317 300.87569678 2.18383430259
206.038660424 211.206221762 1.68183102775
24.823361873 148.379908802 4.04728126629
43.8461368681 52.3180223199 0.771242277629
