0 30 80 0.7853981633974483 500 500
293.149285871 172.077155703 4.73627247842
182.426004516 307.466501662 1.77116671777
45.6542743529 179.708972444 2.81393771687
157.134021863 206.483374877 3.77361897216
91.4359239383 82.5072955492 2.77542598106
338.433760117 270.400203245 5.84079270783
102.550341783 98.3641483852 5.17712319619
349.578631298 270.704301916 5.81770050676
477.450218444 43.2256068849 3.2486625229
339.059222088 73.9182246016 1.02366918696
147.66069348 173.615740221 5.75847298404
104.907760318 269.41560147 2.23273863807
19.48744822 72.5371271922 4.7054070249
210.248559096 203.815988419 0.38441696096
85.5630474572 164.628199546 3.07299494065
154.00298817 12.9155886024 3.52085466642
225.245372443 129.383758403 2.17790439108
484.069544535 46.6975244907 1.12431513364
152.077423298 136.370486116 5.46198366051
176.152778594 249.975932383 3.74674247728
86.6929497916 201.221743271 1.93681167716
198.023463125 36.0954094452 5.41803145687
51.1733521567 99.4595459061 1.63444245234
179.864775173 137.101622637 4.42294835776
28.0107168506 142.331479767 0.217258458606
379.713840693 355.009588567 1.67450465202
24.759392 154.899603082 5.82000355251
217.254544318 137.838511138 5.51106291754
409.854193999 91.3089080074 3.00961075386
44.1166584464 15.2395884161 2.78424993163
