0 50 80 0.7853981633974483 500 500
361.64131527 145.516406579 2.7658036489
116.212962374 417.822321867 5.51732734503
89.8752358665 62.7674394059 4.12730971734
112.376479783 315.336732541 1.52555545886
278.378261206 61.0876399676 1.79264088191
463.755301727 370.688881816 2.3919526319
231.736280669 203.065976127 3.54033418151
247.992385926 270.781429295 1.30312008021
41.325952064 280.440840044 0.25730039888
79.0339144692 83.6261706817 5.89318837829
117.607344339 217.93980111 1.22340482771
113.378776181 293.63003478 0.474799434537
421.680015787 93.5301882841 2.5830118842
107.719506024 87.0107992179 2.65535677229
30.903297607 34.9968576803 2.78499218744
194.781253333 119.773455324 0.688587394306
221.669281026 217.066488415 0.593963383148
346.655622751 19.4019547356 5.06513252455
291.905217397 282.798336492 6.14759891248
369.011707035 52.4961568269 1.19709545846
220.018337974 277.633473284 0.02023338251
65.8451616747 231.147240356 5.74729288869
263.622795468 357.070507526 2.15889118267
97.3731630308 90.3818615942 3.13678266685
216.875653861 348.543380895 1.08530460258
166.546315834 8.9606049689 5.30006318011
179.207519418 29.3894702436 5.94807486538
55.7491670123 58.0077904564 4.64609680277
216.46804437 406.285480144 5.46875706421
483.347583301 138.558068355 2.844649621
60.9345022872 328.871451238 5.55515920254
63.919158871 14.5347945391 2.55327606036
18.8461854458 165.890897538 5.96943167712
158.604735099 173.887458397 4.12740908713
55.1208385067 63.5660325653 3.55242676672
37.1850120112 104.043410248 2.32518226313
214.487387047 278.12844941 2.13609640883
96.9998649314 431.249968214 0.44765477745
173.372325282 412.049996148 5.65391871428
44.2322315214 194.748897133 2.18850230456
31.1767169397 0.176490804523 0.265832033151
155.606961962 125.019264845 2.96613897495
63.5822383251 255.540969806 2.72380580137
57.223133905 244.924387273 0.707498706244
60.9606815508 35.7690105097 3.99887466415
36.1327954027 127.592981134 5.30545084351
20.3069979827 394.172081326 1.99343159342
122.423394258 219.369547924 3.56156112016
75.4423515772 143.088014489 0.465115048983
21.3928370517 99.0284577466 0.868436975245
