0 100 80 0.7853981633974483 500 500
5.50382505341 38.0936385494 1.68961794812
25.9750302532 274.763121632 4.84087341621
45.5705924864 20.6262464901 3.72602644576
108.558315696 263.52709131 0.98782734576
241.894909364 458.629997586 0.84260068464
117.190407013 19.5100577923 2.00577034633
11.5979924818 206.74081876 3.08302705989
253.987347858 279.51950378 4.46525095397
91.3897584177 12.7926114383 3.0877176104
42.0330717867 35.818280525 5.70140169805
20.6984257618 63.1550529506 3.29614461578
313.213099011 197.229873492 0.466225858882
70.938949527 37.27929655 0.549852895516
331.911540135 35.6123418232 2.81621817129
44.6889606724 22.0601057505 0.376187970751
187.643870063 198.661394754 2.91020544616
38.5368565674 178.189304648 5.7561837295
128.423911074 176.185521207 4.85962127542
252.703453373 0.482617329988 5.96301622552
63.5451473006 114.294962139 1.15195743435
18.0216602302 289.367568415 1.66619588695
191.43805959 18.3636477826 4.76206208848
20.4990019261 70.3540303633 5.89838223892
97.2345720291 416.816302829 3.47439519784
264.803386452 133.978794211 2.05375964388
117.926965099 467.620620956 0.0126915931317
173.847137852 121.357672651 3.21527515309
391.482143484 222.390448481 3.72636715017
18.2693227737 170.830759876 3.07769456753
128.456263939 350.486066545 2.89056790068
177.929537835 174.176453736 3.57305081077
478.170016628 272.301282056 4.7910813559
150.308866339 91.2085690687 0.995422058779
48.1437658927 37.4526239105 5.41369154872
180.415710332 244.443636265 2.43164600877
33.5163040464 177.373245074 0.698811531255
25.2988137861 363.611976302 3.29582800177
442.029964786 4.32862677042 3.84809927394
123.934456999 8.96138243347 1.211731686
20.3740671063 39.2695573124 4.11169112204
87.2934452682 1.77290037663 3.47561364755
29.1468685514 99.1878047971 3.34292191579
44.1643652734 468.903059319 3.713049647
167.694207728 300.323498981 3.94469788871
53.6251149241 208.799513995 3.89201474522
414.554032058 140.361111171 0.382789543965
280.741749555 277.463729819 4.02818425465
285.219866017 26.5906296036 0.98100558443
76.7780128934 88.8548175516 0.292213444544
156.680569491 179.820777096 6.13301324291
33.1815968837 168.464857192 2.13267380427
2.08206863683 35.2486095088 2.44580640139
367.628136135 389.808618186 2.39644888371
72.4517420344 365.615734375 1.3658267874
438.761886562 6.25387937811 3.17355885792
47.8323795189 488.308820267 1.96985082195
436.753693733 41.8275031657 5.05559605741
23.0382895462 341.373852652 1.71944339945
221.916900664 349.377456744 3.43494132222
163.090444827 32.5623463991 3.21998407714
52.8645778391 73.7307671994 3.99793651307
166.292159674 148.460171681 1.3641674515
129.794730556 19.3626955369 1.44771879405
3.58277886377 98.1769222793 1.69448453748
52.6462367884 61.3426834641 2.1959076971
21.9305792733 187.820336827 3.13648665046
85.0357446985 419.391514013 1.56782239834
159.233563254 335.260353681 1.77290825882
290.426392679 171.265914652 0.501923508019
86.2403484855 110.587880128 6.04569941113
145.661832727 158.034573566 2.61687312238
256.834078132 100.649152871 1.54843946275
180.161577451 42.0854080601 6.21760775646
47.6525445046 298.914044541 0.0861171390855
362.029782886 21.8393842841 4.94577870395
51.5657417411 113.67105889 2.69128807433
233.908298841 140.904723543 0.0845811198873
19.8601435949 257.845858893 3.48266415398
141.73431793 13.9878420927 6.24796580887
194.165556287 260.418887899 0.559923708124
63.8065313695 139.363099675 5.10773909332
399.055088499 8.34254934228 0.699853752709
116.961821019 40.2895453468 5.57105944443
47.8926843706 241.372447149 0.995561337575
54.4236646135 45.3171973852 5.03189904943
153.739924486 376.346240063 1.47767444492
245.637542762 53.7357011827 2.20515923733
250.927996885 16.9345558396 0.194237733693
3.52324216048 40.3745679281 0.601217483657
179.816173421 73.9681277079 2.51258931804
73.5872605145 389.236978059 0.0266298097123
296.715004762 319.801298012 5.13595723724
15.3115277796 196.730113764 0.758030927655
148.003627556 136.102494621 3.15795534147
106.21823103 151.48990379 5.60996308146
124.202138637 105.869190822 5.47641763989
44.4423985859 17.7565548084 0.61799462031
109.638100207 257.367848695 2.51229145312
55.125342792 235.215682949 2.27412754632
87.383496637 80.7281878734 3.1961213592
