0 100 500 500
329.885384096 267.211767084 2.85361913378 50 0.7853981633974483
168.075529887 10.1761984351 2.42726000924 80 0.7853981633974483
104.672867376 273.527669733 3.52900328187 80 0.7853981633974483
179.056712006 211.503454514 3.86722762914 50 0.7853981633974483
61.0538054605 260.147087512 6.0277193085 50 0.7853981633974483
235.406200229 254.915325324 5.19188635199 80 0.7853981633974483
339.50372259 276.01725907 5.87530114673 80 0.7853981633974483
245.459030303 208.637921689 3.55050792691 50 0.7853981633974483
170.857972515 343.152718693 2.62206481195 80 0.7853981633974483
453.794057706 150.107083509 5.11839902492 80 0.7853981633974483
207.97689586 309.07766483 6.18935564544 80 0.7853981633974483
352.461046082 231.420612516 0.603044513298 80 0.7853981633974483
180.881848105 197.629144511 4.67112525106 80 0.7853981633974483
109.77484346 235.556487061 5.34056997326 80 0.7853981633974483
268.808882333 211.008433795 4.79430674776 80 0.7853981633974483
124.421381637 277.811469857 5.19641274182 80 0.7853981633974483
85.5057450234 292.964971541 0.0992999825522 80 0.7853981633974483
339.631412989 303.395124758 5.18506561863 80 0.7853981633974483
329.658862936 243.612052273 0.97360506244 50 0.7853981633974483
119.637273344 342.987884202 5.3751440975 80 0.7853981633974483
343.721990545 227.726581725 5.21512597423 50 0.7853981633974483
115.26266833 196.01496294 4.94984951737 50 0.7853981633974483
354.798471397 295.855287021 2.38596945674 50 0.7853981633974483
344.266108541 121.053145876 4.86312740993 50 0.7853981633974483
234.522323326 350.571145038 5.60143894337 50 0.7853981633974483
42.4839029431 291.307158571 3.72649236437 50 0.7853981633974483
251.321592789 215.730352572 0.159876057464 50 0.7853981633974483
297.36991722 242.907569435 5.99016503967 80 0.7853981633974483
250.491414828 188.329127592 6.21663638832 80 0.7853981633974483
211.28296064 197.307987062 1.67539956303 80 0.7853981633974483
60.3938275401 336.758730127 3.75686547707 80 0.7853981633974483
184.561910817 391.818949604 2.61149790326 80 0.7853981633974483
137.238988602 298.881324626 0.461300702433 50 0.7853981633974483
341.513651468 243.490408987 5.63015773474 80 0.7853981633974483
181.256195261 210.084781342 3.48117654479 80 0.7853981633974483
190.214626576 264.298259661 6.03513734521 80 0.7853981633974483
267.629522618 352.240951381 5.75143091123 80 0.7853981633974483
219.773550297 172.44056865 4.72546504367 80 0.7853981633974483
239.936279211 430.717175417 2.45150228434 50 0.7853981633974483
206.448275156 316.484503859 3.62898037538 50 0.7853981633974483
353.182371671 226.408565057 0.418381549297 80 0.7853981633974483
174.615822144 1.75589764575 3.24015552941 80 0.7853981633974483
345.70321681 149.909209397 3.16874542009 80 0.7853981633974483
304.97563862 312.340789004 4.18390497848 80 0.7853981633974483
343.927387409 366.141344695 0.610274152036 50 0.7853981633974483
382.716400541 476.140662284 4.95728451599 80 0.7853981633974483
316.228798154 255.23088888 1.91149898726 80 0.7853981633974483
423.780861544 336.990291851 2.09672518541 50 0.7853981633974483
266.073028242 212.59692292 0.923389679746 80 0.7853981633974483
201.458351816 96.5792653276 2.57547344158 80 0.7853981633974483
292.110077036 45.3745635169 0.444581681787 80 0.7853981633974483
282.099152353 171.067502329 3.76527454042 50 0.7853981633974483
283.589047319 304.988111534 5.08090939264 50 0.7853981633974483
274.11807479 291.552054888 3.6147471923 80 0.7853981633974483
333.359746583 192.076118714 4.01745730488 80 0.7853981633974483
211.431868066 83.1323864112 6.0993832995 50 0.7853981633974483
317.582833533 159.534814124 2.82692278085 50 0.7853981633974483
184.685996309 101.295799023 0.940108046756 80 0.7853981633974483
333.213456782 364.269021091 3.81124160588 80 0.7853981633974483
221.465888332 323.094286862 5.14328472623 80 0.7853981633974483
275.424594435 140.80902258 2.55836244483 80 0.7853981633974483
225.001493464 272.233017574 0.900331191525 50 0.7853981633974483
402.652357814 377.026288041 3.3531335122 50 0.7853981633974483
294.556930286 365.228187263 5.60596394578 50 0.7853981633974483
291.709256482 220.175883203 5.95726291759 80 0.7853981633974483
81.3826160989 333.545055308 4.67026603559 50 0.7853981633974483
262.003840335 261.402855272 3.54918138046 80 0.7853981633974483
309.565747479 337.141663021 2.32390451342 80 0.7853981633974483
271.920616931 338.914068323 2.10321589438 80 0.7853981633974483
273.962179187 331.265540749 3.64705192914 50 0.7853981633974483
428.89624224 256.83419924 5.86191630203 80 0.7853981633974483
210.122649245 253.900279203 5.99458151861 80 0.7853981633974483
238.844672152 169.756990229 0.666677233417 80 0.7853981633974483
356.214564218 130.734258456 2.16496508879 80 0.7853981633974483
278.26586834 251.315940086 1.13307686948 80 0.7853981633974483
163.019463104 153.315966484 4.4482361665 80 0.7853981633974483
257.222253516 456.153317148 0.757412989616 50 0.7853981633974483
176.471286025 93.593069027 3.32098952841 80 0.7853981633974483
113.638891441 356.090079205 4.6835094084 80 0.7853981633974483
216.513577957 115.630393078 0.161486469588 50 0.7853981633974483
385.859786887 219.777864728 2.29813123133 80 0.7853981633974483
354.381799533 273.802475308 5.44969807058 50 0.7853981633974483
297.913702257 129.021341822 3.26427312545 50 0.7853981633974483
269.767856189 275.567077186 4.68546945831 50 0.7853981633974483
273.42595257 376.168208935 3.38979366186 50 0.7853981633974483
8.04152115993 172.98709324 5.69221311021 80 0.7853981633974483
187.445666186 253.488469155 6.18977153486 50 0.7853981633974483
275.228649106 112.643663042 1.91128506984 50 0.7853981633974483
235.606378623 221.080865175 4.07628225049 80 0.7853981633974483
250.274250351 213.384113813 0.438955520319 50 0.7853981633974483
379.070098386 177.294058211 3.70967649951 80 0.7853981633974483
267.738459639 450.518881585 2.95864938027 80 0.7853981633974483
417.338835272 87.826543302 2.53269316739 50 0.7853981633974483
346.284236737 389.477327867 1.84595420202 50 0.7853981633974483
197.909204184 281.424712667 3.19313557591 50 0.7853981633974483
288.512114269 373.809388087 2.8926420278 50 0.7853981633974483
217.177341502 157.070896005 4.04775933592 50 0.7853981633974483
356.432175613 266.410795325 2.68647354474 80 0.7853981633974483
-14.7084184086 293.208325414 0.547704259447 80 0.7853981633974483
217.161363504 440.997836379 4.19545297396 80 0.7853981633974483
