0 60 80 0.7853981633974483 500 500
424.524806501 214.585908324 2.81174643174
41.5582819682 26.3746241424 0.290738791549
182.827778915 460.210688979 2.84648157832
85.050075559 79.8064678309 5.32867962733
498.604546437 273.601560996 4.17052630532
411.736398354 389.572892287 4.48066256068
97.8590482441 400.596214963 0.986607506335
428.482020048 384.194559103 2.82672844096
313.31668711 367.630900762 5.74659681816
481.373126902 370.034013194 3.93190857429
314.642811073 447.989364545 6.01799052873
369.773237178 169.641986192 1.62016557344
95.5300141706 366.620693669 2.70567851659
167.083957824 256.809477842 3.49048178725
477.98241553 242.878073388 2.51339681071
428.011581667 90.1631645519 1.78713628521
371.043901372 338.94171977 5.35230202983
84.1141858277 280.039876671 5.97371737574
283.971817359 259.887489424 1.44446739783
259.03586632 206.568530886 2.94069911273
364.789280806 120.259473319 0.904382296019
89.9566888951 35.4155163378 4.33177382882
199.675491921 314.125884684 2.20933492365
417.153892906 357.001118781 0.799307683865
340.55410543 337.409458354 2.71567381527
312.590090876 338.979697759 3.8016933584
433.354000927 106.04276409 0.75014709203
495.099500658 266.139435748 1.21624181302
82.7898240941 437.0090561 3.69328753826
337.946036859 189.109604258 2.77528135745
48.5342480108 373.02844746 3.68592018752
315.298986532 343.549567608 3.68054183177
53.3658392283 456.320330109 4.72070655775
391.403019602 385.370083075 3.21932496838
120.717276372 80.2810863525 4.22408202606
197.87559705 423.027025832 1.16777734431
377.415998723 393.430393322 5.45378359762
330.409498993 80.8432860999 5.88124618641
205.76222063 477.187647475 3.54363336818
449.410368934 173.078835056 0.871898188266
90.36675243 54.7788555778 1.12149486575
420.510973049 465.788786663 0.48774280237
422.837954617 284.529267228 1.56203005692
277.064030622 278.509382748 4.04759133529
356.475772908 257.666611512 1.77581069307
303.606194671 413.747176387 3.80656464146
230.438410885 25.3123056098 3.81207401502
369.276744785 347.807340936 2.061385435
230.258052841 27.70902706 4.09469027697
37.268588162 271.039541451 3.35671049147
385.447894787 20.3249200058 0.494507698613
103.575244441 469.257400964 4.47894547379
368.766351923 217.259655037 3.38113475165
173.44315476 178.864596764 4.11600032805
210.182342243 203.271319035 1.15556068339
313.793851111 192.494090436 2.74165974527
1.35222018853 79.5456541942 4.26239033525
423.97137393 275.261366725 3.65110572103
178.643618915 447.136577591 1.10171403536
145.492686653 33.7524171092 3.07121607675
