0 90 80 0.7853981633974483 500 500
448.541015934 289.990531742 2.48581365434
5.3683389116 162.775955341 3.72835089815
446.415197849 43.8506335849 5.46826205797
216.618830374 194.164693894 3.58618808696
196.740156411 12.7937890094 4.82162767923
423.358514303 413.116940274 0.159112672012
85.4315023333 208.488538918 5.57075532069
344.516504294 466.752108745 4.50091245441
150.356757809 332.689083308 5.88550326928
461.804427577 163.15564031 3.21923446562
473.368883486 172.431007027 3.54108468152
363.564312793 262.656522728 5.98156055945
224.189595942 189.998859161 2.53987208419
263.716115717 19.8354170564 1.52809760449
33.5812161634 56.925680892 3.69822625029
211.807041234 360.313990553 1.59065516579
216.666239306 398.8635349 2.13452492004
289.561790569 258.65579936 0.814191198418
362.860177049 499.001874215 5.52677104988
144.283388724 483.811629887 0.823324047369
146.964040226 494.558338452 2.7411919397
396.472768891 163.761191614 5.73635054672
369.053811627 10.2073483507 2.23712910946
304.164872885 490.963808213 3.94375612253
84.8024469667 68.0805745195 1.23718149553
145.736329112 307.509261364 3.3742609801
64.9958209861 49.1829871524 1.32400512863
77.3774369865 434.442351382 0.494236504312
68.8719497888 6.03341555737 0.372639899972
100.931552358 156.389143485 0.111880446005
158.339810943 196.247455407 4.37988634414
86.2367244205 328.198465049 4.14721509445
157.332536042 113.833844245 0.678717308642
447.052344079 303.673930082 5.94011650942
406.745862822 63.9441964197 4.41793512406
429.942373484 425.778194797 3.30695235337
468.37448459 314.558100605 2.30644901136
46.0968428327 151.967690857 4.01159493863
321.264208141 17.1180878701 3.82242856217
198.152715462 189.242900804 4.31571324516
133.219158499 98.7023913382 1.64907017716
281.038638479 290.633866748 3.6788895093
327.527685534 51.9024656857 5.3427145411
278.237890733 104.665346415 4.37591965057
169.811347915 209.811836576 0.523643879881
66.911556653 270.055016069 3.27544910057
337.007166878 283.783504152 0.351161272446
338.754046443 63.3008025959 6.09408680699
355.495828596 414.222615851 2.15170750059
91.2163311247 79.6534136076 2.45755651023
486.011542035 33.8953729496 3.25990214945
112.281345083 1.39847238054 3.21815784856
267.626648565 203.45509764 3.71856068085
138.84712246 448.556189716 0.103828793581
83.5915908636 336.754825773 4.11300731919
336.889613376 242.809666117 1.56169207254
38.2493119785 320.334089491 1.12519640835
204.220112036 126.127199755 1.66445407502
313.572544231 392.189314615 0.615107505089
375.805093448 5.47999738836 1.91225909399
172.970442427 479.815123249 5.16573865748
243.544232944 9.84246726328 1.20145608529
184.96659712 304.091639872 1.00368292458
256.737313225 259.884056329 0.805471376772
370.27297668 254.589279951 4.82565452005
210.999428902 128.435692904 0.535741275902
195.939149916 448.862898205 6.16141429689
37.4013058147 83.66601129 4.21297033646
282.397088957 375.878336626 5.28331506213
119.80373071 329.847607934 1.61105431255
150.033418167 240.452195778 2.56582772759
296.61013545 37.7401549247 4.45225642923
1.29662688148 214.706287549 2.70074411564
371.651030683 61.5652071166 5.47269080326
152.015651424 166.045388109 5.78013560932
43.0396937519 304.721761813 0.799430107962
97.5135570984 107.722492466 2.55722036456
134.215408513 483.547358402 0.67693866738
261.326024004 29.1570449789 5.92824148217
94.0739365161 198.928672446 4.91116825437
199.338823071 199.301793918 2.81608300423
269.126935293 99.4436819371 1.27966863428
487.577329922 212.331031735 4.7184835295
338.44367372 223.991399041 1.45912019191
219.926719852 137.561405528 3.03267419475
211.747916523 221.378712094 1.61402091756
351.923198806 345.255959752 2.8651403167
425.796044259 316.656926134 2.01857361076
95.3864928924 96.9292273648 4.70261922471
394.212112817 294.61341995 3.30454740132
