0 50 80 0.7853981633974483 500 500
303.914912958 490.460066149 3.20173416135
321.225028078 89.8625893937 1.75757686851
438.979499108 72.5866982464 0.976336824887
311.893501928 479.84899142 3.48521386007
134.42460002 471.328579597 4.17025120909
165.951283501 491.018967586 3.06551184007
179.9033444 148.942643747 0.314954161632
219.919847506 93.1933412992 4.90898698067
226.690227746 33.1323974191 3.77804578834
127.299823067 441.53545969 0.53193608311
156.925934765 222.710138034 5.86238310396
42.1636378915 487.594958454 3.37489591594
489.266399638 106.477997782 0.148871675857
352.133567518 368.684187553 1.9157694746
305.164632802 80.9888512041 2.13020966252
86.224989713 83.263323076 2.96860986701
55.7320368314 52.7643144731 3.33164445642
337.749034258 201.265672152 4.16797640769
9.35591691621 231.496560852 3.0383549634
272.32231663 171.771446273 5.02462526557
147.361723914 144.464626576 1.59531227786
418.443371335 243.780625197 3.10528676956
375.324606682 137.661207651 6.0057107912
438.119703851 256.798052491 5.44359029563
13.5925046322 253.805149889 2.27740607302
112.184038852 316.747165109 4.63521930851
45.5260703103 488.811686502 2.77910763627
382.575157683 52.9368936485 4.48709744159
493.503982678 194.895110652 0.257274031117
245.294939185 465.046190174 4.78231065352
20.9266969403 108.912840063 0.863806418414
52.3898911035 455.722717774 5.94684699271
17.7617374864 25.0787692009 4.36126012767
18.5708690289 7.69163030454 3.14640190681
196.913930705 492.273497312 5.10960610557
224.73543058 317.81686188 0.393756516442
176.533622576 211.334482345 5.24775361448
143.049400664 219.176119717 3.03448360866
288.652873747 119.212013535 3.43241342744
80.598684168 159.660264661 5.75556501075
327.876586716 171.280984118 5.80981409446
455.015364766 279.915496802 5.4629243125
430.378674211 354.614774009 4.6510264146
201.261103938 374.077390666 0.491885845949
183.443897531 216.013038112 1.61927220021
438.249548796 0.493597331869 1.95215540836
204.874087211 433.378374126 1.68512267165
453.698932558 413.02724121 3.46977174577
166.442915267 174.430299221 2.03314966021
95.8396398936 274.282029135 1.83988358209
