0 90 80 0.7853981633974483 500 500
150.589954081 35.761575762 0.221625479888
390.177228399 464.433818918 5.20624806298
46.9564222244 351.6217584 4.00407962891
337.611749752 81.7814411853 4.69820388804
483.227901914 494.327566067 0.499569306194
285.944528679 484.006857183 1.96797537727
463.908017431 77.2949860979 4.86906165057
144.565816172 136.334712024 5.02242629614
393.094522963 246.107118375 1.61062979682
486.444070372 479.566239613 5.93978810256
206.877868448 334.182070016 2.12466538805
117.805053109 427.690690945 6.0123034012
343.630654215 188.064411485 4.72160366326
293.982507291 286.447321115 5.90161489342
115.304546539 53.8033982425 5.65940583015
2.09890819853 333.135401694 2.68621628602
177.749734869 78.3344302524 2.11955439081
98.7190273163 252.942500746 1.73380854279
24.8914279623 340.841486759 3.42619017234
347.819735241 202.443214364 4.19070450353
463.523276392 242.920543189 4.03851669039
186.788506613 180.799622377 0.317856532215
153.704953816 396.384317478 5.86228273504
440.066257216 431.360765801 0.825169786205
114.788871182 218.509889328 1.2912122449
189.168003 137.988754554 4.15180178083
322.061207159 127.608523473 2.68085746232
326.885366565 175.206114344 2.6797034512
456.94075084 364.393380237 0.637630509922
253.708984195 195.170645525 2.097712559
131.958388688 179.213962957 1.48926554478
170.655202784 429.862095677 1.1124207884
172.622319704 212.23017064 1.60916850126
151.618022711 279.272950613 4.18970431588
286.417625469 281.461346542 0.580398691894
200.037841286 140.601745379 4.14667250003
381.765762895 345.857047748 3.24676351686
169.71871163 91.8604541454 3.0335064675
338.081789497 428.927391691 5.66578967407
341.157878787 261.380632263 1.15639908553
271.996901661 278.077672167 1.65796332453
173.428800423 233.324265938 2.45170629127
246.902324138 268.782581228 1.82550601371
132.938576679 6.51481872635 5.10751740574
15.5846538548 148.941206454 2.431060188
428.406733208 434.551286947 2.74751352595
99.6666986536 89.4439945476 0.969851521544
478.791143706 124.206835205 6.15138451154
447.587188288 251.982623854 5.29746292184
32.6360128523 93.1507378293 6.10762447308
190.744989989 349.895230695 2.15385873575
117.54835889 163.502898894 3.74447197821
69.1914770693 238.268932723 0.707168934252
6.14597349511 322.863516901 4.73695315171
257.426423543 439.836888579 3.35056519346
31.966178177 40.8701026924 3.91928271
471.667394292 491.266490318 2.2292560923
2.68354384333 356.581972796 4.61938910999
145.412196383 105.48869968 3.68232939359
450.420230728 374.081963019 2.17036186704
198.972039189 413.096217211 0.249883853254
55.3471313141 415.895771521 5.47901534438
221.878666026 266.143009941 0.582911850245
93.4010202161 166.155076594 0.860069343634
313.688558863 158.13081164 5.33436396283
380.649137409 42.3149871057 1.18535240666
97.4029419504 356.601548513 2.61953665823
464.115415163 82.9799368752 6.03989113596
12.4962161127 443.819762811 5.39506196883
201.789978705 230.784834867 0.101699693688
67.2895936414 383.969921972 4.64989491101
200.93712323 166.892609774 4.17951980412
83.3916574249 25.6349577772 2.28725092792
171.057271418 244.585688108 2.27423128723
387.477473535 139.127195164 3.92642329482
44.9716377514 168.356002369 5.96993059623
202.125184844 5.16134685481 5.80623886283
200.671003609 385.104375057 1.78752554285
429.779586377 373.535676945 4.59597881078
334.156452602 346.533358347 4.08746289582
38.1688629315 47.1830037993 0.333641533295
308.235337877 262.107469648 5.54724378394
467.907517351 151.141582478 4.87260896773
1.27598110105 16.5907369745 1.65413199018
40.5320584521 48.5614959256 4.15441575634
178.287594524 238.849917837 0.085247195367
19.7200969339 1.71312199064 2.06562948727
150.420865266 432.314524046 5.21002974656
387.079484942 80.5201963015 1.13731776791
330.128173666 394.42355258 1.24645258297
