0 40 80 0.7853981633974483 500 500
275.012707353 197.062684805 3.53002013869
35.5138832509 253.950447131 2.57134688699
372.03644928 262.740374391 0.389043624914
71.0697203569 284.44771509 2.60094495364
258.893880559 55.455299981 1.7362861132
109.998400719 151.104796014 3.72348741793
5.91185839031 487.846862193 2.23760429111
259.805130828 363.224397724 5.55924477248
309.689102203 77.2418860981 1.62480286404
98.3064237757 181.975665151 6.26090258241
281.259952086 133.783642546 3.59695267794
180.043739624 416.486132798 4.38184664762
362.395900766 123.700866952 3.02967139982
328.57217341 79.742027278 4.91068824701
275.924458628 153.642733177 2.54198881928
139.31295713 349.791467159 1.68410496734
40.7338511144 108.522152066 0.751301631715
25.2111081877 441.849966918 1.83273865901
427.125777663 364.855695903 0.0583256027841
246.700856754 119.395819564 4.85843750401
142.68545624 295.084918625 5.25425837407
386.439341624 455.503903426 5.91106652804
46.9450549319 394.183383541 4.19776096183
128.010460278 348.634091641 1.76589959619
429.920611569 344.820719372 5.46301058183
288.214559604 392.316485699 2.96753308757
455.356968582 256.49722343 5.93238932542
19.2575041429 257.130968702 6.1190373903
403.245472069 291.864018297 5.19130442808
349.721211685 497.553952056 1.51197224785
310.815614189 226.385685893 5.83813836663
315.488876203 292.71614596 4.6262434249
320.175983665 0.613994340486 4.28066111455
70.3354616732 110.003932142 5.02407078723
259.305881907 256.817894911 1.19267681419
475.76379613 193.100271453 0.240632151794
106.036831124 194.465929785 3.65986249764
41.1759030589 219.297558517 4.36504853233
396.629971033 320.000725484 5.8565904701
142.791160756 426.718910803 5.19347357699
