0 90 80 0.7853981633974483 500 500
48.6272216413 493.135003343 4.38163566083
354.549121701 442.918745303 1.77802330522
6.20091290467 328.670055021 5.39153280795
77.2358355806 381.599550461 2.30039519802
166.345553474 201.400776159 0.611096300828
116.498470398 142.306232256 2.43473831229
476.059249242 49.4404022589 6.10144585965
105.044378484 298.846818304 0.482587381033
239.473384352 147.420729943 0.980474628132
52.7630166452 332.961004774 0.559415878141
132.009324376 74.9070819269 2.67590873925
306.214769966 486.600227136 5.30203223925
356.193308865 402.914571995 3.27812669695
414.343517188 338.234872224 0.638798447304
220.196600099 69.2668632672 2.81477047829
162.179214265 165.469503725 1.01213078852
279.174463865 257.638358706 3.85975091523
29.3915827586 442.290025243 0.260722688487
285.66469524 443.218780967 3.82019596533
453.080854636 474.111139339 2.64891306572
114.6833882 340.969034223 5.40697571834
105.990883465 437.090019289 6.14675895317
276.685119716 182.702630654 0.373933629311
199.232140155 232.028273501 3.45985106062
309.570979495 12.0193158077 3.32565230119
394.297853897 44.3093702512 5.08846082724
148.635445519 202.302819698 4.17578097239
37.4957277467 144.973290994 1.18223080577
300.402248918 76.529799581 2.37387761598
427.375622357 265.883980483 1.29435303447
81.3423684286 3.7210419538 1.66235617535
257.412170269 450.634832536 4.2404781898
127.44983837 415.768390173 4.41532198387
390.022246665 320.133829051 5.67763549834
460.639434252 32.3375212057 0.530682451203
232.093879845 421.376448118 4.65665741278
119.071516805 409.419554806 1.43970421087
233.831084349 74.0141085212 0.865859527847
488.37685725 470.391577633 3.68646934228
149.624849401 272.3664004 2.87035376409
279.506826975 448.388167001 0.0165101570057
29.919422873 2.50103068057 3.89643227609
446.559552728 103.582072526 4.04499813086
47.2514268491 423.20269661 1.74848814717
91.9372288047 10.7937032651 4.90717665375
205.877295861 47.8654523289 4.28264603739
14.5012337149 415.05123278 2.86582778825
150.679117479 166.571689168 1.74682842608
75.9022908587 10.1714160844 4.34504244374
343.782363892 142.031616351 4.56893513201
94.0330582361 53.2890520606 5.00406832557
296.828345786 423.337653873 0.80809070698
243.685999053 361.387726041 4.00655994462
188.482824248 251.439940257 0.417515086057
390.018199232 173.743077832 1.14015006377
219.819455433 305.269292432 4.25938474191
60.6279064045 391.431974584 4.35929172595
80.195853031 284.380696292 5.09954450846
105.34440157 347.840491143 2.90470765158
457.269316252 452.948939666 1.26857067357
127.275804118 313.629318606 2.7234830583
360.156132536 423.598973511 1.66630180401
182.026647205 313.448313886 3.23443099559
346.050092861 220.246153471 5.01496815906
473.492651599 347.887896916 0.904464573036
474.329315153 376.188863761 4.47123486483
306.598009513 348.118650989 4.61952635763
46.3300410295 39.2300824198 5.33638474179
312.179353874 483.655016394 3.85428871159
271.967864846 163.701613472 5.41205773642
110.492362455 366.971512956 3.36832451506
360.404161353 230.670704175 5.31452369725
349.521315857 389.941486284 0.340948468244
262.91902628 174.517076876 2.4524126953
134.192119158 94.8837580463 4.20902269083
310.231647096 3.03081794547 0.24521098287
248.021331835 85.8558006673 2.29615822984
360.895758 44.906158203 3.27593639794
53.4275518338 333.855418067 3.81753354135
60.9658694214 250.502301907 0.801124820741
466.634713179 426.015434214 3.23230754544
442.684856572 325.392913769 3.01837612618
415.192580785 32.5494580996 3.55283395997
486.757737726 415.080234973 2.98266491389
113.038948607 75.3400817828 3.32155297044
257.18551114 56.8947625721 0.712378342811
31.0288764417 285.789043696 0.69656620396
379.004859473 354.893644386 4.30401844998
497.504465451 493.66071805 6.04879924108
112.882764923 450.390418483 3.17035680742
