0 90 80 0.7853981633974483 500 500
287.295174629 360.712634659 2.32834190325
455.529245705 367.712365421 3.33571510825
457.144854978 6.87897670892 3.0290145679
431.573269191 436.655521187 4.75968579162
227.549000034 306.412070451 1.14867493663
349.989290674 160.126287348 3.13806672604
386.791462411 148.04362057 1.37308562745
352.354864532 332.063651796 3.10913618133
230.823899485 377.806013423 0.588257643542
316.419833428 228.168795782 1.47381299542
140.949503499 364.801924868 0.184722124307
108.195805814 97.0905617528 4.14725972835
68.9836419481 46.4895285384 5.25403121269
446.588963896 55.576796727 1.97030219939
412.125078862 338.254566689 5.45550988688
463.448888163 308.966087657 2.38338026232
1.09815643682 114.123383142 0.674521297969
9.95649675072 180.736262747 3.13850624746
362.473428698 11.4377227437 5.49767596172
334.450035375 366.232409078 4.03441752675
151.733764092 440.664063265 2.78320335834
321.054895669 110.181972866 4.39543448455
159.678890134 157.808356562 5.10987869863
127.418658371 316.082503692 0.74527377894
297.705114675 239.862231064 2.07264613948
318.905849246 291.000448926 2.04888644529
30.0559560647 387.058133654 2.85655213444
413.563824195 159.989605575 4.05582541989
482.557727785 67.0107258276 2.24800826974
452.403023513 466.594331907 1.57186316107
344.662269553 340.292649283 1.78343571772
76.6178073703 24.6432140457 0.0243602900094
117.536931406 62.9483255503 4.58219598387
338.111389096 136.708316508 0.144478516558
109.195859664 161.497940749 2.08027400743
458.048365967 72.3406908896 1.58099339676
228.532814796 427.224669956 0.641118214213
312.335849702 76.7121679592 1.55093230107
128.759370523 310.655125314 5.84756959158
274.806101812 466.103639774 4.1889707538
314.096573317 54.8296789358 6.12580563299
0.377983319751 201.713086587 2.80226272535
9.59736826057 84.3966242019 5.68422400777
322.280813244 66.0217253174 0.712991030121
34.9366502556 251.423872597 5.26986846956
174.088687303 219.720969359 3.28698084844
45.5709460424 195.518548385 3.27807215554
122.379863532 148.631336457 1.82450237323
296.877198323 375.92520448 2.26398366353
319.734826735 12.6614666254 3.8285953317
67.8943540482 51.6399494366 0.389961084833
120.689323844 347.420934335 2.77890653296
409.758178992 108.569915758 6.27977999154
275.132372212 470.702693891 6.13607035625
211.31005327 122.902445932 2.02438031589
388.007046738 262.458261002 4.18702859193
318.356913623 280.722636959 0.989487105887
229.67632867 311.068933466 0.469500656659
12.0545577934 446.14278531 0.830408008356
333.709245288 430.003641361 1.34609239408
195.243562168 159.93004295 5.83008141682
338.242520748 44.9048432751 3.713425818
374.92154754 347.812244532 6.04216616314
39.0167396457 272.793069301 5.7249528015
27.0019246239 73.5462592053 3.54447648831
184.56052238 463.105194852 3.16916623294
166.687387551 303.246859276 4.76704439048
416.842463488 90.7381993364 0.522613119329
130.45070563 193.879403095 0.630992357387
307.303937731 96.9968459321 2.91080024827
168.313791756 296.498842721 4.62464951726
57.0740506896 308.899546681 5.03216875298
239.35539889 280.18710237 0.957158324189
283.215727436 475.705527501 3.65693539
179.562034575 285.083186723 3.65916452184
58.3111734008 256.415453562 5.09058193718
80.907137161 255.387963689 1.69419993935
177.578809572 472.007545244 5.08499242116
380.974859037 86.9610790494 0.344024021325
191.991058722 107.422064349 5.71613870003
101.033216549 376.633575345 0.900698358059
295.631808789 151.532069446 3.12508537171
250.515313074 454.036343622 2.08516672812
305.354881576 159.647083046 3.87868364208
6.10370441609 138.184276068 2.12199635966
189.508171872 449.664000187 3.49659485197
7.21426486981 56.7713572867 1.6685594832
202.103020298 399.679112321 3.28284978582
125.323012351 293.75832789 4.63817943775
264.217352351 493.911489574 4.83938891317
