0 40 80 0.7853981633974483 500 500
309.951676653 190.437329465 0.506422352025
459.470518031 120.671500085 4.96247230476
234.355273611 12.7352460076 2.65762452834
209.895426544 248.670539829 3.50196831249
481.327809839 355.478802117 2.85456848311
2.78645979623 458.219680161 4.96147311832
267.010494648 340.65493217 3.119408459
285.102961346 160.6647719 0.890328833827
335.579505283 325.76747343 3.03851759131
426.049932728 417.484822097 1.91998509896
156.182454638 95.0686508944 3.57938615132
128.266289402 209.950569543 4.803438701
323.876351361 183.805934822 2.7162680186
12.0307852006 223.878126329 2.48814686831
141.868954438 358.518664856 0.871451659829
233.481052413 233.227079156 0.98432852084
208.026222883 190.413401019 1.16645186108
57.0369063141 120.391232506 4.88098082353
13.1261923443 95.6978728134 5.53273100502
403.349754234 378.788161818 4.97422177689
131.32705981 70.1539912845 3.09181247692
33.6333309345 203.34474845 3.03818924998
103.110516106 285.687926205 0.719188260469
414.978242685 270.997998604 2.35580319201
429.827067394 127.623262831 5.40764876793
216.533711715 115.152147265 3.66254262641
167.838773207 35.7120066298 6.02119061408
297.392649141 174.422010652 1.26121903881
332.078115341 223.559107117 1.39194440107
238.199353309 227.330014421 5.97352484353
29.2271331571 65.9710916421 3.55324073128
319.20069148 294.297766493 0.69716878401
398.844902437 65.6799761522 3.24077814287
188.093298037 342.246001259 5.06577070091
22.5056280592 294.226618959 3.39871350332
222.240588389 30.2356170204 5.80756393961
51.7702902851 82.213895607 2.42859449689
382.094276478 206.178475709 5.20871654478
50.2425056381 383.86481164 0.629215885591
399.902237043 177.900090795 3.90746270237
