0 70 80 0.7853981633974483 500 500
4.02225767624 110.210287234 0.473366890815
38.0151287671 482.618443167 2.61363013956
104.603824231 495.615631392 5.55590456859
95.6766005296 310.457454321 5.67043198337
271.632826097 46.8775870501 3.07478826024
1.95650317455 94.1613756887 0.705459075791
368.544723447 313.710428442 3.83487867123
394.040307928 395.94903058 5.93485659553
93.6916068186 365.854595529 1.5863788863
211.15031749 471.006151863 5.41888653673
203.726112171 406.356674356 4.19651969623
372.939743864 243.513647138 1.02754918462
483.317623658 379.069514422 2.55275705796
248.230929252 340.787276389 6.21436298806
199.11841012 76.9849556209 1.19377949439
209.192781529 415.338495663 1.36766581129
377.805935965 264.240590509 1.18156762443
499.902715456 496.427895926 5.28487860096
437.705945579 85.0276051077 3.6902105899
307.566199039 101.020369555 2.57592219453
93.3517418594 116.318516206 0.503671649927
36.9964959522 13.3636449948 5.27602134888
206.229421647 466.980930772 2.12137432708
348.530222665 285.695732896 4.3035343288
302.928524511 11.1203733168 3.21316713325
474.351829258 31.8434301545 4.30213300549
404.467154877 10.5732969951 4.93053496288
496.272062071 274.278632643 1.62230421961
453.830963708 95.2342777858 5.51321269511
1.7175409693 125.743447487 1.28909884515
447.005232644 95.0359053299 5.9749952909
95.6959914675 249.019973741 3.05105088482
458.310871261 9.51986752505 1.23397448334
73.8102641157 276.952854337 5.62883406337
340.741105821 179.035678417 0.199263257594
117.455998822 197.91832187 2.13377168992
328.846554873 257.842307408 5.79004454484
255.822851732 385.884061891 0.73796909209
235.583455044 30.399107928 3.23688702361
66.9745526483 235.434140475 0.95200215061
479.326762068 305.02689285 0.567726851964
6.24988171824 294.36548185 0.971050344072
196.923892757 338.526599828 5.26267525165
220.833870229 181.871724555 1.87320938831
170.293002305 135.775816333 2.64278214596
144.113527483 63.0753214955 4.47925976086
174.297973625 30.625265087 0.00530740556789
371.048214027 411.24543243 0.593392232352
287.958335143 89.9751575728 0.699001909739
325.08109109 306.261128627 0.781037832164
279.08978935 424.025536335 1.85762067539
354.95511065 339.035851328 4.33202769622
128.224298578 495.243693998 3.08245589008
190.183282803 23.1253397494 2.98687903407
252.755183009 331.261528845 3.72551736545
321.912344466 228.487209113 1.4955593857
421.99229126 3.6630968692 2.2398381739
236.785158422 126.443303795 3.15307036479
154.818856888 73.6662640575 5.47999765936
105.835849249 162.517081855 4.59006178925
25.8507036822 416.242719609 1.50292648249
224.056782538 115.044208496 0.984842205676
439.837806134 213.176375425 6.08204045281
94.111439723 382.304542848 0.0120705612449
42.7835267797 103.49313673 3.26407104473
134.419087101 221.177470782 4.06235529135
263.18114157 92.1865974123 2.78689484608
396.888462736 300.773438289 4.99652502299
406.254255329 240.158084655 3.06739467228
168.964899521 348.257755374 2.73223563146
