0 60 80 0.7853981633974483 500 500
7.81115446409 376.273589004 3.67750730071
162.663327309 462.159469023 0.413241748311
273.316163605 22.3663198671 4.69825163572
89.642733778 357.351159169 2.72939450745
429.149860501 74.366110289 5.70256796984
468.480895807 172.323134724 3.32793034058
386.257687343 63.1496637029 1.4172568619
410.144152229 4.82224545635 3.38333420398
424.719373288 349.369182639 2.5550942734
19.8559489357 292.093518715 5.72574488821
145.010411304 177.947598891 2.82602078537
179.609254741 125.905361711 0.260677908842
386.089992424 410.027587639 2.47003790238
226.278622113 268.736031095 1.88500599374
212.457562728 421.142600418 3.22601945249
461.75555311 89.2027759236 1.19554280748
165.828731961 67.7435136459 1.04095906899
155.282979541 203.34018904 0.675609206076
487.383915978 98.0482703157 1.54305896491
342.756545245 344.256912023 5.80815381757
261.832561059 219.996064709 4.41461953475
249.260938593 497.977940675 4.43229349674
429.040266703 4.10074922772 5.44623987817
357.912940298 199.486163754 6.02370027159
55.1273167071 52.7908653934 0.044458565902
425.645662661 418.070591742 2.63796741542
377.796896782 74.8752973834 0.844682308031
446.971536885 69.8116500006 2.33235232269
156.319030127 404.008968384 0.506393540705
286.232865717 246.670113535 5.32135703494
360.377691919 123.907793518 1.73809867208
144.970838101 490.642101867 1.32295816623
31.1597039023 72.7527161915 6.02424301725
373.431931582 18.1618866012 0.99979907843
10.7664176244 56.973596164 4.39923856132
288.930178731 44.0920776102 2.74196937457
273.920058676 353.384604181 5.70629178716
382.333807221 458.087445213 5.85018338726
438.810138361 144.190109326 0.628527633539
189.668009675 467.721716439 0.420396002169
479.1460968 135.240749298 3.30468157361
161.86752918 180.106761494 2.89190292061
29.3558092567 105.405869231 4.93559910634
304.554574611 372.860865201 2.11819925301
207.375071239 254.626224207 5.93531577259
460.224549606 164.187118007 2.62079807864
78.1138534773 327.507573413 4.1163578085
50.9735486895 10.0228906594 5.98086671893
441.279197817 174.654219504 2.56682593155
418.058196526 416.75016031 0.594212386533
348.330250503 36.0006959446 2.79057134605
64.5971146463 212.639538769 3.04962470929
198.752463839 350.904783726 0.898805561939
277.902829024 158.980712875 5.41697497343
114.136088464 248.554735729 3.00230511653
445.866566696 21.8977800633 3.36916022738
67.1903419327 96.3607210734 0.993921850504
134.737547227 100.367584473 4.53609123306
415.668800199 189.60519692 4.15045945304
139.425710679 133.947745011 3.79230934746
