0 70 80 0.7853981633974483 500 500
499.881995004 330.364134555 6.09591750693
281.50496395 452.581237274 5.66886766148
0.723514093446 140.137325267 2.08797801793
427.094885929 489.73798362 3.91352418465
461.699818075 54.3873256753 2.89060918095
294.611899213 66.8443359603 5.11994895009
283.099451022 207.875188133 3.81767054653
294.676733822 249.35162597 2.87477370019
471.070708708 488.13214359 4.31615552153
81.6625905851 141.500374692 0.721975756922
314.715871755 333.057686572 3.96990203494
385.19823276 206.897435974 4.31869690863
107.16560099 120.379102957 5.50891077011
485.371677021 182.97638219 6.04792677429
159.942201487 265.402147268 3.50839413219
237.358722553 356.528376089 1.1649278332
397.71391627 314.928169773 1.65402491803
183.958571329 380.64377747 0.439968459218
376.547385057 302.054406964 4.15724790299
180.355891002 284.308748804 2.80144505985
483.35136668 51.0456252065 1.61736067999
441.988588102 457.934367072 1.35758563718
32.9528073615 165.459151655 6.0896695502
100.193667683 407.838895796 3.27928936868
444.198799829 157.770204412 5.04574408397
134.136950174 107.112987026 3.46483830618
361.98486981 177.787504762 6.2305214746
223.891065026 30.4617365083 2.0752016246
284.422319146 168.615302811 4.71341448927
104.405922563 186.007820167 5.71048526159
103.840563404 419.886347346 3.05956172726
104.528325977 402.199500694 3.6828747497
377.069525027 101.228892352 5.00334064864
436.785390562 112.955022983 0.629538819714
74.1227363104 417.41686897 1.24188404618
279.427643234 108.442962655 2.62850282664
409.349795013 148.645082485 4.50789535195
258.519295769 458.291308309 0.217671739851
217.985795613 292.952192165 4.15580646737
390.301866855 82.3008151571 5.47474475897
420.699040608 384.779716962 2.40507210173
121.394387554 455.774468783 5.96081193601
465.086763153 4.12104160445 2.49363438199
40.6927653356 309.145976748 5.34321349743
7.44256027626 349.538815698 6.26071812775
417.819270408 449.259328531 4.5419696339
90.8433591813 420.753675845 5.53092518409
473.528699612 39.2496832393 5.76347698285
263.665376017 74.6263775478 0.598952626616
41.9794615179 105.299207555 5.45525722884
118.380039579 7.40944005545 5.52386160661
48.8171029643 327.868829217 4.02050021254
211.617190267 290.761895794 1.25970595502
227.125327088 392.893522488 5.64490797933
144.317891924 35.6246824216 0.00619351522428
59.3309938088 178.345434512 1.87027769704
27.1616983068 187.81664149 0.90965689777
145.375989739 450.474393829 0.721798335618
196.929011955 448.59679293 2.22675784303
221.158503092 426.115578759 1.46179144623
334.355403258 310.585079737 0.210821429172
221.941408387 226.669373494 0.0682851760298
387.056210047 31.4051380557 2.35054114231
311.725404876 205.961952975 1.54583278866
286.280133622 287.757925275 0.94026381976
69.6416402251 449.308894994 4.60516608802
200.541757654 143.39530414 4.05870948759
211.212426881 71.1500666511 2.1311278733
410.549877172 339.971038499 0.864044177112
210.699175439 137.180204977 0.559331706205
