0 60 80 0.7853981633974483 500 500
192.983786145 113.018906096 2.00181339104
429.571941954 4.12443222783 4.48166056778
499.60252544 470.056838576 3.88611283875
460.587735307 492.066353063 4.78886957585
194.529094128 319.918936539 4.82969039733
126.154042764 396.554546277 0.793662450257
274.419906453 358.823112093 1.38510238563
53.7346353578 483.024292283 4.49701042605
409.028282758 410.265128289 1.15016100321
317.341257487 206.42704679 0.24502859389
279.365229305 46.8178386768 4.24470165122
406.255017669 360.793301093 4.2698973603
238.710643375 184.309479 1.87239213377
466.163236863 227.481681824 0.321758846309
391.839682783 427.729105583 3.35858711923
440.788851979 79.485437847 2.82393970911
243.413489391 242.910133918 0.143144701829
58.1694122617 474.478326782 2.25589577137
308.497719631 421.427171757 0.0518833288984
194.563821723 397.746094206 3.80562408017
227.283784221 246.755570385 3.42663882523
185.077586944 51.7853405615 4.18697988484
115.17039553 345.824047762 5.79873344528
115.776649884 408.604819824 6.19740110288
454.200360528 25.3878575153 2.59535619942
145.093617701 264.046559738 1.96697027724
164.6905894 367.560326878 2.42336727554
229.773206472 267.143950526 1.89982157005
146.634826872 207.227309386 1.53152571961
190.769009091 366.695730311 4.33948102484
67.6674865708 227.96356285 2.52519632339
119.666366869 157.386401093 5.66747293285
439.291858402 222.945070634 3.81932421254
301.261238205 57.856154607 5.92475737302
116.052811112 11.1720438849 0.451804835399
441.466441111 213.683244872 4.70968434402
153.978264125 293.909081288 6.14428716511
208.990266805 151.848491562 4.88925163308
151.635393922 214.821483991 6.04824870929
78.9170216896 339.949564746 0.248190178636
389.419367562 18.2154128393 2.35319734382
297.869887975 360.814896297 1.80612681106
416.530521734 276.122659667 2.41938829582
209.03785363 17.6939429529 1.7154363607
19.1352445454 490.110508704 2.75437322338
310.311333469 453.477123248 0.239326649102
77.2472645968 167.645634017 2.05698506402
81.3390650968 196.69181392 2.00472161258
335.488274077 60.7121816277 4.80745572083
80.957460928 458.08328757 5.71199244102
160.860665733 232.853624471 1.64104586238
161.553860872 194.71552142 2.81960957212
445.850109666 64.2822217602 3.7904215921
238.352104207 133.635709339 4.39341147525
387.202032855 454.695502641 2.76826007482
82.3275921365 286.000734327 3.19986084976
89.7767936967 275.988082924 3.15660613378
398.788125421 232.079321023 2.26300966351
499.263645755 196.263078328 0.502959704589
113.746129254 348.98823954 3.19457553811
