0 80 80 0.7853981633974483 500 500
119.157272245 338.006003177 3.92787975354
291.934625267 302.780746465 0.121186891715
353.564979763 52.0064936722 4.24053210561
473.752508183 343.57711772 5.35846938285
267.881101454 201.639234575 6.20602560257
225.729565968 267.486910695 0.91432102968
267.479560851 100.743658904 4.82016590941
268.35334166 168.739318844 4.88756782011
357.106686699 454.704318062 4.31146246777
114.206681076 215.03520125 0.507724887165
178.225995436 314.577114028 5.86272297379
216.56084204 457.242644131 1.29739624501
304.847319845 307.519528208 1.63287123935
43.6967887975 288.13205764 1.28627507008
263.115441814 168.651671013 2.74668786474
495.870898703 248.135392251 0.602108498109
87.5276842812 134.824914792 1.04793313708
491.222742398 285.04101116 5.22138191082
196.725459392 102.52905544 3.26784480899
30.5466872178 401.263077902 2.23736482759
315.812277357 324.320146546 3.4151884402
476.835135908 244.006198553 4.16643394331
396.719152062 497.231199126 3.00557014464
451.372905705 287.753727844 5.02425714318
346.485165454 481.196186444 1.91798766424
400.473499365 240.747904542 2.24447839952
59.7500659043 150.765909016 3.79311835566
75.0944554687 58.721519307 3.86701664876
351.335360025 463.720096661 0.637233040852
311.471322246 267.381503193 4.48481235835
352.956797547 409.977682505 3.37633529011
301.147520463 105.379421513 1.02659800922
340.267648596 439.432191636 2.72997351611
419.281957427 57.8010538684 3.18992825065
38.7866988385 166.872712358 1.50670782817
428.818161351 355.411972429 1.89543651373
45.2789241203 64.0237185001 4.10360192401
416.024982693 359.360326984 1.16325662616
498.115665229 246.892027103 2.95304609785
293.542503757 268.588470675 3.34421416724
194.552867865 285.901968982 0.842010910391
99.6872491986 354.931026535 5.30503811221
265.350408293 179.10701968 5.55973535364
411.861710599 466.700773355 2.83658149488
73.4579255675 303.041966428 4.6212918192
0.599320848945 142.925464936 3.34150445546
158.609544103 68.536595954 0.144079249118
422.257197405 252.836768126 0.598003831718
224.740871327 97.7980964312 5.65541448504
220.723113974 191.711878205 1.60922809127
474.175224991 274.185613595 3.27252666798
218.867462695 211.993204212 3.93594424058
93.141796241 132.26507702 1.14507259663
492.653483501 122.442896467 2.77770178252
417.527681494 149.895926428 0.388839619936
373.040492873 106.379584549 3.6122520666
53.1186425046 261.464777637 2.21340277582
389.840862053 217.366594357 1.6216991281
474.508756652 196.156395324 0.950832939661
28.6090962319 76.4879679524 3.27263270102
306.78571367 278.679090048 3.8636579379
217.678757899 49.5724402467 5.03454423668
311.12347454 216.291069114 1.07232688709
103.079567089 318.236595597 4.90849071972
297.956677048 326.947906689 1.82240427914
357.809023585 335.329181803 4.85774467269
62.9774090308 492.170547845 1.26607545559
41.011053532 35.679665386 1.49419238536
300.822720216 386.124200133 5.82099725702
419.430599039 258.231627865 4.90670960705
296.754691698 498.719670649 1.97807621442
499.013037551 170.68955281 2.45260503066
220.788180501 361.248558091 0.642666002323
200.268711068 46.6809047276 3.40560566861
220.678637635 382.809765093 0.934941337835
301.462129333 141.460786225 4.67395171035
422.235299082 382.537126164 5.08457685484
238.663275581 294.454439785 4.51558130574
248.845247387 131.35569974 4.15008387512
175.240286425 316.86280983 0.59301543101
