0 40 80 0.7853981633974483 500 500
39.1301678477 38.6735538335 3.71484339511
3.45060599293 300.507044664 0.0131731122205
136.29476872 450.739132619 5.76578302159
472.215165254 140.162819503 2.80808664342
288.272996802 196.81382225 2.80686751187
289.413233333 184.503669565 2.95260795505
221.773518198 54.1461209824 4.69965834287
185.714691322 249.340709816 2.78742327383
308.588240599 250.537839146 4.81310121069
440.322651144 73.5813875431 0.873333558179
87.2390489374 208.249119677 2.92743521906
174.167091922 379.096477254 2.83741657996
150.262355556 181.619324923 0.662106523078
382.571351605 150.526492666 0.345845470864
459.399414892 176.394168281 4.67056318014
402.36321105 164.819006754 5.23000381748
0.392245844393 313.140277891 4.05427537817
468.449481829 243.602868042 1.29670586113
287.913733621 140.712208153 0.256359413329
29.4014713927 229.49796801 0.908763066536
308.554773158 311.848010132 0.660361765889
238.456757851 236.409360547 1.2533502135
37.6330568975 231.011568463 1.76738198362
118.398653825 222.115118743 0.275080454197
223.076944362 364.153739287 1.06047769525
323.173351306 458.15056508 1.45229405119
338.74744576 27.2168949749 0.75818752017
373.00179707 394.452866697 1.67740984441
87.0631779911 97.3803468827 3.7430578309
496.537321234 257.028795769 4.41850275473
205.111940323 364.707545861 4.20211718203
231.260229314 307.937054518 6.11358904886
468.473178051 152.783178486 4.53167030361
421.175348555 4.49021559932 4.18376713542
312.859410114 474.611992035 2.823386668
263.036545559 95.4708954765 5.75773110379
55.9382103697 29.5575111362 3.26614890207
167.668231121 241.1435182 4.12600064291
348.625335781 328.343795958 5.27212131478
468.543747664 198.541779606 5.850488977
