0 30 80 0.7853981633974483 500 500
184.079088415 170.971355541 3.68843963807
128.120552226 451.379264044 3.01891775101
342.866461778 258.069908711 0.732142705457
173.070623765 125.299897549 5.45356678675
431.407407084 32.3640661408 2.93345532356
68.4226722812 453.616037152 0.377800475134
495.044179115 99.6109780954 5.35816696803
40.9833352919 173.782003476 1.56170414671
307.061249984 101.376444331 2.78790136083
381.867448247 175.204164832 5.38546820419
228.940566712 389.36704319 4.92753585556
231.126072004 370.219663271 4.99382249107
232.844256033 227.172968988 5.66608781788
438.869141691 296.322711983 5.57257416439
324.284714646 25.6669449993 5.7138073783
249.502768301 137.309620904 5.11791769422
85.6365939225 140.913167547 2.94197992489
198.63269963 210.062568666 5.68082169726
234.385757251 225.521615886 3.54727731809
413.174194815 396.015047064 5.71342164759
84.8913251073 139.245621586 5.77087698285
395.394195224 111.955542259 3.0879457997
343.161836105 224.685939437 3.92915163963
475.503251077 140.178233237 2.73113161218
273.730045829 149.999559999 2.46978913049
96.09526094 409.27405899 0.190358305212
196.093670541 199.416376321 1.95650300116
304.904605003 439.772968942 1.14070472599
166.352186583 230.472884748 1.33191315265
82.321541458 456.755566676 1.04039244574
