0 80 80 0.7853981633974483 500 500
53.7125914027 82.3449173525 0.672605826726
469.124174107 338.175716868 0.917355516391
477.333686935 461.348925992 0.842718637543
329.250493514 496.000445856 1.54645883606
464.333562228 96.44889387 2.21913694717
140.845830933 467.584256015 1.64870403462
283.455406836 433.976348571 4.96099629941
91.8927618024 338.212332373 3.12913732019
298.374233482 475.717311694 1.53113293024
87.1015065093 403.30663068 3.98996161163
19.8743261907 254.814115978 0.539363960881
218.097826691 96.4340860232 4.29004490236
437.47184393 18.1022367093 5.41012134798
106.811175357 392.61288746 0.594052941059
131.790529412 224.873239524 0.510585131963
363.392802238 157.130120152 1.85578066109
280.916703434 161.247625364 0.456670990786
119.221567047 320.007120155 0.240979014035
68.5750007992 282.856219299 3.05821512725
344.134474234 32.0239962898 5.76161076122
356.565595604 457.825702699 0.324879312746
496.611251087 398.573826435 2.07909848506
432.086568918 346.437126957 4.64659493001
103.827102355 351.542744886 2.34334393378
111.838283814 326.23237533 3.96201454286
157.957012748 126.95623733 2.60537577432
8.13927883869 311.120687276 4.27060209166
303.906214366 112.037238721 2.73884106566
487.172627616 466.652431115 2.31560569965
479.206059864 88.8622300595 6.07606049764
194.488900311 336.535322673 0.62703510395
122.726547452 375.714676164 3.569676279
7.13650423864 261.970739812 4.44538835669
351.279371048 70.552206629 1.12938615101
241.03727584 385.247669393 1.91928192194
350.436994702 142.624140696 1.3313647931
376.458701101 371.499723307 0.774143637228
247.5795062 392.510789711 0.817785063002
248.628483787 333.822700904 4.71030175196
280.910021897 245.808382386 6.21464854682
435.714519846 424.547229247 1.13986970913
360.66197206 409.23190146 3.68759880124
0.170532004479 179.940065976 5.71742974609
173.182102113 262.151720177 5.62723821918
404.703542688 167.211447868 3.68898325285
338.108916232 296.494658422 1.2029791437
230.773601925 326.880344783 0.025537340045
144.492143314 274.048645469 1.40552745704
237.097641819 67.0805863621 2.95932086462
180.31030228 405.147743822 5.63092001902
465.790139911 403.099481376 4.43853878091
460.610383609 499.739891985 1.90006552478
144.005694616 365.779687108 0.868670485606
207.206660586 199.595796489 4.22108223938
179.479170884 419.909372769 2.13289935852
241.08692785 386.824412415 4.6134206914
226.859264741 9.79303196944 0.344864679631
265.072069171 352.67032617 4.34549631242
128.617750182 472.576109585 3.5045422398
452.126872445 161.524431713 1.16143965646
123.159136365 350.973441183 0.504425023784
232.325995407 269.618782617 0.666504562476
273.075189209 128.470660522 3.37798735533
38.8740139614 266.521004757 0.138333115721
360.174104872 492.041967689 2.72254304054
155.513930365 311.177638248 1.40757669739
62.7643066691 54.103386331 5.11445737649
446.79136391 465.378735042 3.85901859444
32.8724685856 293.233352063 6.00575015151
393.338031606 376.542802164 1.8141952203
134.53374303 105.270801507 2.91394889735
495.579510761 178.818565429 3.44547912363
477.071462863 317.221894234 5.35577829707
448.380220146 444.721442377 5.22012393707
336.003312081 304.44704701 4.68259849928
27.1646458817 414.753939543 6.08245850955
145.520587346 252.898595374 4.04614025832
133.747372776 150.176254579 1.4552831407
329.420572153 18.1965714802 2.23587226223
168.771665294 10.7120442355 0.736459352664
