0 70 80 0.7853981633974483 500 500
324.090158102 131.086453675 2.05105012607
331.208831015 256.88382312 1.69111017264
237.865823317 472.79676414 1.97848759409
25.5627980454 171.946853773 1.91105240584
212.425409106 380.087408932 0.357056920672
323.730371431 371.430564233 6.09951501228
46.4374300543 54.6845496199 4.81354622525
480.979693882 466.831036889 0.076368744856
34.7826189859 108.219565704 5.51988173228
393.759964722 409.589530219 3.22040339663
492.75609841 63.2214908608 3.8548956655
138.377945036 249.725092837 2.18083925242
298.317227391 292.993059239 2.14525022362
372.473911013 416.339946347 5.53436227026
127.200094426 332.948774497 1.94074457164
273.346434216 308.764037794 4.81110849479
140.675874469 163.780712328 6.24985706485
392.556883129 16.8436334758 3.89795856177
331.294253748 282.717835069 1.89005713576
146.191832025 285.891204339 0.72534030208
7.32005542795 30.7453333856 0.182324272213
41.9796101483 491.78061459 0.274142379325
313.380376147 493.298362233 4.69393938908
300.476857121 319.950187703 4.53537791001
437.575348594 383.380849878 2.00829282828
16.0529115178 492.28599216 1.21336346014
104.151348652 93.1600117995 2.70971179099
70.9888037395 357.317406008 4.83853870189
12.9996694698 267.354645612 4.12392773215
139.90161626 322.288970694 4.8717998947
42.9023477126 371.823799614 0.174147112741
328.639247049 428.005527217 3.36697596666
106.352207006 117.344318173 0.460189514574
20.8968576445 264.109635597 1.41830256323
412.40472541 345.609489725 1.31597295266
327.718962369 199.53941068 0.388034662551
35.0308992459 172.402875499 0.834134913357
320.404000136 206.406439196 3.14465207384
285.785800238 292.935033659 3.1007081269
420.189865692 49.8732645477 0.864210346197
119.465125145 292.763540273 1.10181318165
36.4090047833 31.238448837 0.437102184314
436.865035865 1.21881751245 3.65847384665
87.943535828 245.005648279 0.433521526261
428.793622525 21.0060898901 4.09318857657
72.0380202795 265.767767274 1.00811355778
6.79567772726 378.171556105 1.21597843106
283.183250885 20.4924880205 6.11411273352
416.599382514 390.173343149 2.55686872071
465.100751014 306.530186086 2.15380500531
61.9465678396 354.448913624 0.617832639037
446.879004761 224.104748359 4.25913857302
114.284837437 391.313884092 2.74014673881
21.8856766165 59.2859375939 0.666815982186
372.10133903 96.4989614917 1.06357058792
444.179231433 128.791939744 0.39992690156
276.720581931 490.72467499 3.93430997791
186.277394898 220.068140245 1.6540979435
215.885686963 369.229126769 3.94060136374
38.9309491178 361.739864765 2.19912646647
61.8098021544 466.191802342 5.34015306962
415.478874254 311.192013764 4.48859677274
164.216651985 27.728391564 4.64677363534
341.592476175 460.79684096 3.57384763802
99.9268350138 143.312157965 3.08078883911
410.638652602 43.0481379989 2.47120593675
6.38715898339 443.909051396 3.97291131435
441.729568611 432.582530308 1.6934528747
138.276685915 375.708313727 6.10140127502
316.054781861 486.994147153 0.692011357099
