0 100 80 0.7853981633974483 500 500
463.822178523 101.457718062 6.01089699374
277.790924791 287.436090177 0.538374486941
107.869579808 370.959826289 3.51829778339
409.750453088 315.487277184 3.43098266518
192.54185765 184.799940938 5.78886341268
108.671280877 90.6962509852 3.56897266023
431.086860965 45.7558768869 2.53211415999
356.268564565 482.284008242 0.893310771313
84.6827216616 344.784772641 3.4487755529
76.4230409973 490.216545769 1.32124701669
156.546800981 274.39673857 1.6601144294
5.33622649909 242.753323863 2.27932605576
77.5983500757 107.501518592 3.60403547975
55.4748165242 359.798080677 0.346932390675
312.902641043 54.5493574676 1.42424376564
13.5267320847 106.937741735 3.1198147536
14.3678187314 184.499197716 1.44492115138
314.440717712 166.062047461 4.49280750766
337.632284857 129.945765401 0.758713683544
325.098908814 177.534784044 3.04917537206
289.285357975 41.8826202247 1.69281349265
376.708401529 166.316649812 6.10011931403
142.520140483 374.693385719 1.00074667451
494.190288705 300.950163655 3.34232333648
155.163376078 197.159519404 2.88693034821
139.144961044 415.656566765 4.79809431694
103.506107765 463.642343198 1.73492728617
134.447697437 493.876048627 2.82456079076
134.939767387 446.190371556 4.95520958462
455.509573429 202.749502389 2.55392491821
297.894995926 421.797210448 2.1704249234
465.124452703 13.6529448923 5.88804680881
344.961759908 428.701219479 3.98812481817
36.7452580045 265.916989471 1.7424979377
418.277927404 200.450936387 2.5899513729
429.473025566 231.615888849 3.50694515158
476.403451566 311.379237104 1.22972365931
63.8720595704 117.022973037 6.09289544861
412.805678459 134.615371263 1.568769413
312.519390618 217.039631575 3.45952429806
192.008814897 137.683410551 4.62734088777
112.230658178 319.865742998 5.72006610431
350.590443342 463.965322286 0.80075499347
3.19152239754 399.083925657 3.32861643267
484.562495514 76.953115673 0.773465354499
332.21809147 19.8728564642 1.42892643208
466.53151533 65.0843631281 0.537326202728
352.340443196 460.607752959 2.95148159276
79.9569204896 415.472312675 6.09469540626
464.41630816 455.628056691 3.96606654048
314.072041442 45.6395478712 3.13466937641
309.608900302 237.409002312 1.88087549413
63.1006595079 388.39824291 1.56270425711
445.751899049 370.200998265 5.00675671887
245.002834734 454.090573918 0.502835191554
54.7348437743 196.592174288 0.295858799626
390.631001808 200.113773778 3.60415082739
247.743980248 82.5430705003 3.43772386205
215.718886749 417.687197164 2.52751831373
214.698821148 195.160581918 6.18102057794
400.97479666 385.675192557 3.59770808707
302.229271218 117.654439324 0.273700156581
82.7514240315 58.949144258 1.35654630277
264.649758122 87.5387346174 0.676483777197
111.326642615 467.268907601 5.00042227238
131.191389295 68.6082967715 3.71638272816
351.694483228 290.752264459 3.35832023971
260.80126155 427.365021706 5.14597809008
55.1385568284 460.432502909 0.669473037398
65.2470811532 63.1627541214 1.35565986868
379.32320378 31.6076465982 5.21381929602
490.646652013 382.623021731 5.99876178869
209.597107849 347.171069603 4.43424563627
162.680079503 181.054942915 3.37117296337
364.341218842 229.378656272 3.07715240137
5.85094797887 468.970360044 2.49771053929
396.624949034 381.719259096 2.07797254452
127.96349262 77.756082469 3.79335237072
162.652874496 159.950236606 1.81060149357
73.6752404373 133.910123706 4.01180517771
73.8274667939 139.548017173 4.29672808823
259.987784432 184.68904823 5.41098169173
344.320623191 32.8373228287 0.223272240854
406.991569196 313.464156753 2.76429133942
211.528747955 38.5949807455 4.89690168789
331.797993921 172.156674389 4.64300621146
9.92135339658 292.282289482 1.7470164874
408.003148906 496.525802394 3.24058463287
112.52075873 26.6855514632 5.10442940138
154.714244605 211.591252763 5.00749287916
31.1081874983 144.344170993 1.06768858752
479.457400393 414.190305409 2.6324197421
133.699339894 136.076443753 1.46150486909
114.522688994 253.520452191 0.555434970317
307.160534573 208.33933548 4.35117042726
202.42176424 193.574645312 5.17044364538
408.552906125 390.478894762 2.0694681633
143.11083242 485.935426553 5.8360253551
401.701117258 404.816757684 1.77765574036
126.79375311 273.207731483 2.85982937086
