0 40 80 0.7853981633974483 500 500
112.710192191 221.269404528 1.50908137468
220.408235894 32.2263168174 4.81223256947
185.523265296 374.082086964 4.78477956254
347.163172098 411.630026906 5.6650316082
320.957606556 422.027664791 1.01689467781
46.9644164264 174.135504262 2.34373908962
90.2932700865 219.451710385 4.54131589978
186.724761005 30.0186704154 3.72556003521
294.079230239 446.96605002 2.34586796758
353.284461707 93.7369857472 1.51811494057
268.060012547 234.005132367 5.71341279299
143.496814638 75.6327937457 2.20796098438
91.5878298133 4.4812937649 0.394087105824
205.415901229 448.416606783 2.00481494602
109.774158335 339.314962886 2.53280486787
132.200310245 291.865352705 0.141978712025
179.194886123 356.02818118 6.10245542023
208.299240791 382.602535548 4.50397933552
421.532985177 209.191254029 0.224518865945
289.508373692 84.4816416637 5.25016847775
319.778705911 188.483330414 2.2674940524
190.770333087 289.803691142 4.13052121461
371.054144278 361.55097764 5.71841650544
429.240331193 16.4087422341 6.14128060382
89.9552633213 467.988627949 1.1345716422
356.855000735 131.156419003 3.41615180747
370.359568003 334.549050273 2.00589996498
252.751403716 267.993647415 2.83330079648
385.543363872 13.5892959671 4.40043017113
225.541851793 479.157104225 1.64231067637
65.9463957422 8.31452663283 1.88255440008
348.286217078 194.262265807 5.70497612483
58.5810509529 196.148647502 3.34893804972
40.6796301173 438.657844838 3.63609054494
40.7994642021 378.755610141 1.04962369781
230.813789145 221.746128263 5.99825795756
434.212658833 126.724100804 2.92217834716
221.379769975 19.9736306748 5.91982825305
495.492240862 390.54367959 2.17164006114
224.213609974 54.4168088405 0.286618900628
