0 40 80 0.7853981633974483 500 500
481.38951553 393.968015409 0.833729903362
60.804144621 43.8706287563 3.50131267283
477.993113184 129.024686299 2.17573812204
49.3150110821 86.7632896579 5.93459768423
139.052610184 477.289404081 3.17255071421
395.129157645 465.302563627 0.927981544051
366.799137084 254.115729608 3.97077610089
13.8011639077 365.371493131 3.32630738825
364.834646746 285.81721666 3.95187285067
324.492541507 490.40379974 5.5520556808
369.721380943 391.173876284 4.16707002912
437.36420074 324.531908802 5.89962834176
140.349367675 266.278263146 3.83905848909
457.577587325 270.120824699 4.82713164159
289.210103352 267.99799287 0.411884776736
201.109580691 195.956431009 5.70737071746
307.334424197 339.988223553 1.61838780108
156.378788797 164.877332339 1.7793924712
27.7684828943 420.65614061 2.9975635696
218.696902825 177.397961421 1.50642721237
274.103245648 86.4093477276 5.62067601996
32.2065323872 243.09396379 2.63296544014
323.113921591 377.941306288 5.95547812107
135.588022105 321.44890735 4.58520484275
206.367001268 152.804368665 1.1926707916
425.707648616 364.059397955 5.43240544774
428.227753933 361.343104842 5.36387442272
388.165892854 183.293398561 2.78240028547
132.970768637 86.697385926 3.66756161924
348.560005047 247.303113528 2.0280615875
365.024506871 38.6297190305 4.34581540276
38.6043432664 115.046146658 0.091575715069
251.660566312 307.271610037 4.83892713308
113.96010694 170.556577713 3.66330447184
397.721657531 401.325391846 5.58015802827
224.497159637 231.091936319 6.24259344746
89.8600253582 258.657528837 5.16732883333
267.821936884 374.738694768 3.60661065318
205.168297065 59.0718097359 3.98946397768
478.643917034 90.2211707439 3.935026376
