0 40 80 0.7853981633974483 500 500
171.383115466 43.3490678672 3.47458955452
133.938471576 278.773628788 2.67514504477
185.595506083 233.402154082 1.99573770002
266.608231004 193.738072561 3.59152584526
334.941819664 477.75425524 3.26831271989
259.501957864 462.752641498 5.28668139159
52.3945804368 289.007615491 5.85257660664
249.912249398 184.026512801 4.67585585848
317.02350073 11.141373937 0.700045876639
397.373420474 453.833982884 0.291098469716
430.54717443 466.98929591 3.82161135735
499.600270421 489.28257263 3.66726165972
412.338866803 497.404432064 4.23961366496
202.459103909 73.6087236581 1.02563616543
441.817300837 402.538929378 3.39902337037
305.660735461 345.720807789 1.98765258917
95.0188946966 332.844764032 5.53443789377
460.085072677 93.0906610901 0.244174322511
319.87151527 163.549973445 2.9493836474
190.909801066 26.5308840562 5.9651643812
451.403391976 41.8141429861 5.67746786072
112.568438182 300.070749 4.14236332366
432.823647006 140.579664512 3.67577862363
83.2940949002 417.072401658 0.49302567938
249.072006376 430.852549043 1.43377554605
236.544487477 435.416131889 2.94916456933
287.971055831 484.913866252 5.36847563444
365.172476715 344.585172816 4.37434404719
28.5857359315 399.690282639 0.562353774311
308.398198851 28.6443009869 1.10547412592
7.20634661346 95.1690769319 6.20566763564
183.101305057 429.23824679 4.07659631184
340.201695537 445.783232566 4.8056488045
151.524053048 304.336835119 0.234302617981
125.951624708 421.848385918 3.10276328002
258.473875387 263.334456891 3.04873733434
303.105954454 115.779557912 1.76916989968
477.285450689 258.061119164 3.35379656265
289.887591686 303.177322493 1.9617366292
190.251026161 159.488798926 0.169271176538
