0 80 80 0.7853981633974483 500 500
297.594714641 436.603818156 4.26487063967
356.696034168 246.364477835 1.681807338
123.443695402 298.253445834 0.161139024759
400.222830063 354.273173265 4.4363512001
426.273828502 155.110211494 5.84241462605
67.8469584897 124.5524781 4.72636420213
416.882466791 164.576850777 1.18824249232
329.603638507 237.634588658 1.32532894882
81.9130534469 127.742823474 1.99814953436
242.979262484 401.812218008 0.766251538578
355.224889697 256.176889392 2.77081572645
73.7582228035 88.0127970613 2.63088349014
198.451581867 359.385082276 4.79132845401
352.970557132 291.185106524 5.75948289866
437.164571922 479.89606606 5.15888801741
250.894351764 318.53699264 3.23533858271
168.141935609 80.7658597778 6.20610065002
83.7645812927 337.612286939 1.45127906209
245.905692914 60.0189515412 0.510926804539
271.048527314 32.5832035021 0.964177721365
379.943961858 406.427731326 0.0188055155082
319.423042874 371.949378049 4.05107879364
52.5360436557 246.661166379 3.18904475588
467.853391873 391.557629707 0.729483472378
226.899244723 31.187101767 4.30165947099
237.959880794 382.843801931 3.75002016545
228.581876964 358.269898696 1.54382128178
106.653846323 256.094931269 3.53225978522
337.747793813 433.834984025 4.35902415977
365.745961369 65.9547152042 5.06408354723
446.124634784 211.290796076 5.99685554639
211.601670582 71.5423971398 3.60886381463
290.221298714 349.895179435 4.8982355289
367.774873802 221.379579994 0.645583841094
394.081508645 112.537582085 1.8463674735
82.8159486518 4.31898119454 4.1740743488
259.748785627 161.132235292 3.57420542271
168.746190063 68.1496493244 1.14504697827
403.004953319 29.206227489 3.56987195981
292.153426524 2.88872425403 4.97597664509
228.773013819 135.21490458 6.08884742953
81.8838299111 385.396880556 1.3867868641
26.5792745574 325.132864036 0.101276812966
322.853532027 114.974936946 5.4884511788
233.938101721 170.75171026 6.22586807512
266.253970164 286.951796277 1.06537685314
342.68371355 374.715027741 1.76900167861
175.988575858 343.47308933 3.58018758298
259.762174054 278.693900479 5.55634430719
461.172771712 485.316855496 3.63860672236
100.015493821 478.233988278 0.364265123897
154.76369739 154.843922107 2.89528067132
312.152973692 424.880808165 3.79414568863
271.437012991 310.407717937 5.04467406629
116.516971336 95.3572292733 2.13661253109
96.63685813 440.736546334 1.78279177389
93.5174210504 179.308045387 5.22366895309
311.802115666 116.22018464 4.55199747431
305.729233255 56.4435176561 0.0295999814427
339.36549028 141.850346309 6.03987707645
422.789743616 238.101689129 5.36553221289
203.948612044 333.889619288 6.16808354721
157.481527243 371.872138028 0.217428003088
49.3494024143 273.372779723 4.32714225154
453.492956606 486.268679432 5.68265099885
98.9790979197 101.092163045 5.02661450917
183.902967606 385.525332162 3.29496031049
81.1302604681 259.62659969 2.08679843018
358.39156872 218.453937379 3.44836751847
99.4137643005 204.230656488 3.61117033289
353.535382772 468.820662353 4.64578983612
402.095319629 422.772286951 4.17310911635
159.801912367 330.137204756 4.08882930472
48.5348452976 452.685954648 4.42490782254
281.002855918 12.1228716891 5.04595242932
455.494379356 416.627705153 1.1239416941
371.067454368 400.105140217 0.578177050163
26.0377771134 56.1461965723 6.1626844395
292.05666418 222.205522382 3.08198955737
473.964735739 246.38672966 3.68346085392
