0 70 80 0.7853981633974483 500 500
314.185982284 124.462403689 1.38592932642
426.411121689 125.55153686 5.46705467273
273.414643623 60.6298402994 2.80570120672
457.662508648 411.576170838 0.729903821833
419.524087309 222.751303827 1.84629623759
128.130609434 39.566319507 2.16923924758
185.838895076 291.138830284 3.05307908644
333.803497486 222.208736519 4.4271421779
118.100344872 331.64485195 5.32556607252
356.442259054 379.045540683 6.09641083646
341.251303041 419.915248576 4.05257760636
240.829445482 473.788147342 1.94665304935
117.718794706 419.861357964 6.04693117704
299.725611582 241.197542764 3.7884378021
22.2650794044 397.569926542 3.21859639075
495.703098155 112.580258508 1.68083285989
164.13405424 199.046086959 4.77666211146
76.6317576202 465.587792873 5.14791978725
127.787616331 312.381140679 2.2504932553
183.203827116 150.481864254 5.15051383764
292.705111382 359.204122142 1.46414652497
56.8895802727 210.081876061 5.65214078781
472.227724624 256.089229816 4.14684505285
429.815866558 8.47071515158 0.797344811887
275.928235514 272.78644409 1.29918314809
411.890809179 252.716067693 4.21757581013
25.7157805435 177.118261195 1.03421306836
207.912202516 256.669126368 0.5425552834
105.494998478 124.460853017 3.648161178
481.878532543 327.170083762 2.36445382431
436.91426862 248.419769422 2.32193211257
57.2482514752 44.9575581519 5.70241658971
457.604300245 53.1894880287 5.70880797446
37.9018563723 150.083624541 1.30215551944
19.2561809101 116.820113713 2.18140632725
293.06097991 259.981081052 5.75479418831
117.416490604 94.4546416676 0.69839478076
497.644928367 433.745003176 3.06624614121
113.185642158 262.884343252 3.61166805363
414.526320856 257.90995985 1.3696261333
334.385159339 392.382194562 5.10111870794
364.157166852 127.250248182 3.36553304458
490.973886822 143.951035867 0.744599148821
8.49235229509 206.357034194 4.02358143322
149.132709867 72.4107769162 0.141405643699
385.297639155 432.738657595 0.129389354858
431.767604152 307.756060937 3.04435692194
420.997421727 276.288403474 5.99334188641
413.214665482 257.977193306 6.07124800063
382.391985329 387.341534891 0.410645996335
58.4940917086 175.129827922 4.12821630715
383.719287258 413.411523381 3.15623428506
330.813503743 407.466273017 4.64232746576
318.539443061 457.93940122 3.24871475311
247.916163025 321.926778201 0.107027337352
363.97485302 256.870572416 0.400729203463
30.6214990816 257.986033783 0.387546219413
242.236062102 209.970751248 4.42150036606
373.308764935 84.6983641875 0.18221150369
343.634510498 396.870001177 3.37654451874
20.9230873923 60.6115338197 5.90420002276
241.422311372 364.163438595 1.26386669073
237.716342242 274.672638927 1.52730876633
73.6703653158 7.67536749784 2.72374679556
189.364189585 260.232135912 1.38204955155
408.68847908 145.353838678 3.19049522054
388.393249793 155.192203772 3.20387917438
221.882828312 33.4660797377 3.59247708093
24.2919940749 396.151305163 0.140410114896
434.684667882 342.55311111 5.72552065457
