0 60 80 0.7853981633974483 500 500
315.612331999 202.86613175 4.9640545842
96.326191189 421.192483002 5.02048491378
324.964600167 48.9179083073 3.71084765399
476.963892221 264.282386399 1.07360830907
452.36873871 196.826234205 3.04496679862
486.157605273 487.423256504 6.21918836271
407.943523145 150.045266511 0.873812712388
2.59556124161 437.191896974 2.41399045191
162.66928529 5.54552183633 1.72980322538
385.809379511 203.53742292 1.09921415731
295.057241634 349.795142916 1.90968626549
143.376846515 74.4941887678 3.01129493336
66.2607320465 332.384206471 5.1511787418
20.8928424539 183.59769766 5.11819218692
285.812081751 101.33218461 2.13356771587
226.538397494 20.9160185846 3.06486331729
16.5980976518 220.87926127 4.88047602847
186.470575251 109.866941278 5.77858349221
328.257099218 421.11391489 0.0440384958139
204.296836981 89.315400291 4.4377716555
29.0785473089 457.549147583 5.93072781739
457.224563473 241.651540335 5.38015078501
256.907247784 188.208889016 4.57938919696
431.773919679 468.381010236 5.14046394559
102.453478491 497.423885192 3.89207293226
55.0834939925 326.414276571 2.82126117486
165.632938792 317.213135094 0.631905536401
385.140087784 178.014371833 2.10930243499
114.517655957 306.688771246 3.79612788801
211.842087135 439.750330345 0.863947521604
472.142988909 96.2735483351 0.317523913587
102.617328754 359.394356953 1.94239605424
115.044076932 221.729002859 4.28540134514
5.72090858661 46.4924375746 5.30391635657
363.1913773 141.777977205 3.79143083856
261.475644455 183.498982903 1.92148579846
38.1111402105 20.436686808 4.46579110381
418.84549696 331.757304358 0.409247673096
250.851712669 23.8365285815 2.09611487235
402.483273966 271.955697612 4.53067901733
471.587438897 143.246517952 1.61402184398
104.91524569 183.450405492 5.79046244259
174.153616032 12.6515100082 2.22503042711
373.653475968 71.3809781822 3.29447109677
43.3039804086 180.412452419 3.50792942951
339.79385864 420.694297524 1.39734924324
365.396266274 157.001703901 3.63797862895
415.551751886 243.941394849 1.54542725759
455.289171668 422.045327967 3.39081486869
430.935437221 253.602638581 4.85985814789
225.884800833 344.387073467 1.65320183304
209.262197891 269.013788128 3.24960151835
379.030411378 240.301629138 4.88491461688
171.086200214 103.115394996 0.433691536896
208.995510046 92.7412324383 0.0863864305184
470.988456212 218.077232674 6.02041660366
390.223004375 5.32737005799 6.18469377973
289.714185694 290.299784454 0.602294091771
73.5771797481 361.614353378 5.35858170806
133.798814869 402.230816634 5.50383878542
