0 50 80 0.7853981633974483 500 500
208.783882748 426.098677213 2.058584238
388.368600548 335.193284369 1.39163773235
432.425210466 374.275221143 2.2713490438
477.778030554 140.622918226 5.89296346533
493.232527092 488.520916627 0.0731183958316
376.101439644 271.403725906 0.121329958722
140.096630581 467.780742291 4.52272609038
0.62428663265 223.293822826 1.4428285257
265.010312582 204.810323127 3.70555529956
5.13026446333 395.350767256 3.62432702221
422.437246824 200.769096276 3.94458245889
108.86595888 290.904072927 6.06482587546
268.271984579 39.7655941372 4.28423928191
345.490770116 403.294454529 5.84681160522
202.899864663 228.344785278 4.48416140959
56.8173873617 194.764925652 3.59313053754
173.295958087 204.108232366 3.26057669277
487.462152797 298.180915896 3.78736818187
483.161014462 340.766838563 4.11817988383
448.723440561 35.0799187242 2.4686315948
365.759750791 459.740550067 0.0183613243924
300.885641988 416.683693414 3.04704713816
300.153422026 180.528531747 1.25098612013
70.931344338 283.718601184 4.98598694709
354.775924851 470.825209596 2.02789019111
394.278050267 137.387140809 0.964370292689
345.346454981 396.416416756 4.39008567337
437.602301923 305.688156503 3.49062616134
469.173193149 173.636322926 1.22006094827
99.7915137358 162.021978701 4.35888103872
337.326287167 333.152172649 0.633551384916
408.388435303 480.05711858 3.4939042988
236.248307266 403.918828184 5.59956954145
474.836961167 150.122818002 5.7525892142
304.433871126 122.75443894 4.18385619821
99.0218038153 467.397180824 1.49265395238
1.46200165039 242.005947634 4.05216896942
35.9932803433 85.0322811888 3.03718461726
248.567829627 118.14154928 3.20466413755
106.685564859 108.49914406 5.59525486131
260.379721486 274.121958754 5.29585113396
389.874646638 185.069165513 4.73984108822
268.911351373 478.78633193 6.09201612877
341.194038881 184.528540977 2.87302474519
304.439673468 368.899358177 0.420640285433
407.381905635 31.0038998546 0.314119837509
49.508426643 316.346483163 5.59147953218
344.419487743 433.708763526 1.43290294991
122.880863643 196.544046551 4.38501443051
54.1339218863 6.88542819016 4.91056992658
