0 90 80 0.7853981633974483 500 500
35.738880827 30.9139299148 0.444439174139
335.895883607 365.572498518 5.94079868561
325.958520691 142.648165054 1.98355037455
38.6693646325 92.9653889123 2.38662785517
30.2045362184 178.082690846 5.41642051633
420.59295149 231.345371524 5.41143825903
197.513582494 161.457986917 5.66634340635
82.3500274387 196.456757688 1.31753891223
233.707624833 79.5694074575 1.8197825749
183.774291691 475.722609693 2.52957918793
307.903494 33.5376559944 1.12334837248
497.843050941 353.922495534 4.86676619297
102.244710607 199.156850107 3.60902531716
412.300694929 114.63637293 2.73781398554
94.8657159223 256.265886645 0.965880696363
487.037252848 441.685825547 3.40218985848
245.620934195 372.986902776 3.84534770839
258.258776934 84.9612168149 6.15547857753
62.7711812152 175.551169362 3.97506792213
349.214728724 211.377064398 5.37317822657
339.88634133 146.028198522 2.99220045899
380.17846929 91.3733355943 4.27827502066
214.789407762 15.6314299482 2.90515693674
170.257749826 399.050837027 1.87031186708
35.6635421717 321.954849968 5.21623922554
265.08736742 323.122657271 0.743174083161
468.890660947 251.885789131 1.6664821861
341.61566823 336.82431876 2.26478397112
104.827536339 171.614171842 4.08731567652
177.478508466 174.752191244 0.965855055699
11.4076942622 70.575216812 1.1821636308
188.706653904 95.316874471 2.39474089276
309.222231673 262.004540961 4.73674991352
257.487320956 415.986270693 1.28240173717
307.758657668 126.234793531 4.69510256689
60.3670953169 93.6582737766 5.7057249333
441.886097263 6.33022069288 0.497640895932
12.4704011086 65.7343565236 6.11758657126
407.560132988 466.727714377 0.150315247568
129.401957467 336.102450044 4.81701740213
284.107318623 164.923149071 5.42151274077
279.473576256 4.10762566502 3.28743907602
43.000367164 457.15036316 1.55278219106
413.131059526 455.440745873 4.74913540835
277.323018943 459.408758647 0.137830798885
137.170699267 114.718567891 4.19143572418
97.8795354185 288.417500819 4.45745412183
133.543207841 107.091160326 1.48407074248
382.925165531 41.926366458 6.09824725846
6.29978162801 215.940350639 0.296936655799
300.443915595 23.993101354 3.52586754159
428.658582139 406.660619001 4.59201890154
20.0360485577 423.414573493 2.57940546217
338.003375049 298.525424218 3.44479014641
390.275411859 285.217336492 0.946742010626
207.57643058 267.464739393 6.07708584193
23.0073629243 446.463452498 1.74020990667
206.228255706 371.973397893 0.16590761486
405.40508149 380.340360472 1.70462111517
381.792299652 302.352124234 0.501753897851
452.568266753 99.0881503048 4.16827590755
67.5669551831 181.429634167 4.86832159807
59.0200253657 488.323002403 4.68704614108
300.066176406 235.317226649 4.6139043869
296.905206804 135.608819623 6.15038494184
34.4317732046 412.854369015 1.467271056
199.521370259 201.245392614 3.11763985301
0.0438243446185 430.391974828 2.20717405805
64.0704299474 42.1990526883 1.35548068646
86.8175505638 221.020421045 5.56761992411
213.756257947 472.730956923 3.5112865737
471.63579848 211.961327363 4.33340641557
448.963353719 461.675512424 4.05679483698
466.97988519 323.326450578 6.25308003364
251.237143418 362.003643182 2.14388260603
309.32636791 251.954342286 1.26545675312
106.042225262 466.641000414 1.57786936908
468.519811838 75.2359730895 5.56513440124
187.137123326 262.424648145 3.01269552912
50.1366344709 309.324432306 5.16429485035
47.7365092631 67.190122426 4.86736471439
334.894129889 286.383480367 2.16175749363
299.423966015 337.080024517 2.34887162048
130.01458723 307.82716494 5.48635350791
301.063403228 77.8808076209 4.36664600888
209.631496927 196.205846657 4.93663524158
85.7363670706 387.209108387 1.81885876996
82.149984533 50.6820135251 5.08275770382
327.994052188 41.996030119 3.98164428927
267.205181974 309.116805305 2.10008306999
