0 60 80 0.7853981633974483 500 500
201.13172852 401.403054924 2.43212939153
176.745162945 242.203680376 4.9642357387
284.153881807 8.32988254287 5.71007442455
413.87131711 49.0076095287 0.242737751127
389.118312844 273.268840422 5.10265863055
161.421386304 452.897777344 2.81312770213
291.059162786 471.734690266 1.72874517222
398.576117264 420.30998273 0.278039662619
327.549034661 431.611253418 1.48929468982
460.651675164 421.688469191 6.15564333937
293.532071613 89.6161110373 6.11962619623
249.806931205 142.577352838 0.285458646095
85.7365758997 417.921813721 4.81916597467
375.114165575 87.4157700307 1.51132475116
155.474901611 378.913150821 4.33435008602
249.879188385 280.813605089 1.6636856331
29.8987727869 404.136786024 2.30550553887
381.780386752 81.0557810359 4.08593906594
384.191922796 484.906036114 2.01516277162
105.894375296 195.796097962 1.66194671231
125.214875778 34.7828297212 1.75847009136
87.8066318013 499.798122304 3.6189204196
242.231594465 179.391508351 1.68449008746
249.838542428 233.874747465 4.11955638487
32.4505731166 16.2125512624 2.23311798013
447.040588439 282.38102763 5.78613830607
85.5824864107 100.612568999 5.32608798924
490.016683521 480.239908053 2.89436770158
413.819654002 238.237591868 3.87158238941
255.509037906 258.580273931 1.82231264678
105.291279373 360.178254034 3.65415493181
103.068945876 36.7291372799 1.07725089719
221.861238399 188.75175442 4.41317286049
148.830394245 439.712829714 3.78968094266
39.7767441268 27.9343895141 2.80195485107
181.27249018 57.5795214142 5.26946985639
18.6072602468 358.883893612 6.25499193537
114.638286332 138.309412701 2.48533413749
5.42598496354 254.815397528 2.19401072818
473.517852521 457.946448505 0.855595384312
150.578479597 3.65559422156 5.93277800702
355.152179826 429.991406515 4.37761768542
236.196627521 417.954476147 0.272690672566
204.984099483 329.532785056 5.07029983679
477.017253988 456.425343349 3.43560312693
335.257971062 458.037295474 1.84845897336
262.112009079 335.94852372 0.710015047817
142.343462856 314.012911811 2.47914829478
497.512015303 316.171466167 2.92403345923
132.733997242 203.17522383 2.40166229372
207.408218189 285.722234589 0.152633776579
210.787325568 76.5022732512 1.72910685366
188.123512861 455.467675068 2.01106341349
419.423744537 248.785561782 5.96110884717
286.833811812 101.462907021 6.2238775009
403.144810819 275.72137124 3.77021143736
0.161547182459 334.8302997 0.778099160008
306.439749911 470.842498723 5.84668914575
171.597085309 27.3769613736 1.89165805557
10.8993240471 353.656535005 5.39423189184
