0 40 80 0.7853981633974483 500 500
389.190145505 247.879797443 5.64091367176
5.00320279825 322.756262061 0.619528521579
348.892292175 50.119717785 6.22195020653
23.1726399328 408.087306549 1.7758480988
69.9790872749 150.560752045 5.33026136301
1.21316349538 400.707015229 5.81130152874
371.486508078 97.986794353 5.53840387223
8.14088203179 173.919469625 1.51273351097
376.01640873 334.90869335 3.26699450917
256.383455992 398.170071818 2.9283010336
388.459931141 433.433269009 0.942480778691
71.6453734681 185.937306166 3.07298648615
114.714834791 2.06983223246 2.24251850636
392.303165407 232.20780825 3.82524480336
188.658217899 317.163044404 1.62399613302
478.073060681 251.1733188 2.74535150292
25.8811256139 140.576133772 5.44867816977
460.078589777 63.6468959203 4.5287224129
74.5810087535 148.844116269 5.58854177129
141.634681499 357.096432224 0.957775455007
107.787855331 208.030303492 3.18510168558
474.398413846 428.243770899 0.281022495698
112.927298901 65.1848576913 0.524131761078
23.2936280125 313.254862543 2.94710204155
214.746315462 451.047710787 2.00367382439
25.9549235006 482.85902028 2.43533379139
40.0399122879 427.978539449 4.56639324111
437.923870527 26.4258493207 3.22009833791
307.124900812 209.984463781 4.43132063064
329.322969709 199.455877867 4.51342039673
230.678302453 43.4373939672 5.83126660419
301.477792902 366.730703327 1.16951617282
430.924918824 489.937735218 1.06686716044
18.3483738063 258.623699134 1.64320609741
177.518554935 298.353606625 1.0589543985
138.652966316 182.802792648 5.14742908724
294.326434065 328.646387258 1.15553173464
47.8303983174 201.83387754 6.00222679701
497.877229504 113.170317385 4.12144488893
21.4302995098 436.366264512 4.8079745613
