0 80 80 0.7853981633974483 500 500
327.475611817 315.079747178 2.98264047365
405.377801866 45.0765977199 4.67460066809
338.144885294 30.0850969535 4.21660986655
294.741920588 263.219772881 2.16324609142
224.535768326 230.234549488 4.78016854151
405.756397395 46.5044172821 2.472405044
68.4685717809 175.129019982 2.36843822202
285.319752228 124.675200686 5.01004843986
323.595292939 499.469966747 3.6208802175
489.242332577 262.000271402 3.68837415657
433.728834489 454.990318925 1.09647801687
2.6816047048 264.409311616 4.78883222935
89.6574589964 58.0838451917 0.234226343541
258.988741079 230.314490162 3.212843591
227.723593704 99.9414699375 3.95302871949
194.633702038 361.96154597 3.54560510636
49.5708267812 127.621364078 1.20468727065
371.192899642 285.048931148 1.83610134353
321.825697539 202.206569597 2.2565250658
208.940198606 429.077676359 0.677314561836
92.6117566682 66.8722793425 6.24250384061
387.28711445 416.5293129 4.0201457904
169.818911302 183.357320849 2.65497559743
62.6324932178 268.216948879 5.0320248508
186.814278409 372.852182428 3.31896068343
92.9883124481 179.974758349 0.206848173999
290.932859418 22.5544355356 3.90921436866
251.801395694 277.857253242 3.65134147392
364.461837865 336.467980626 2.477223175
229.664075867 440.088751292 4.75882096201
334.997754417 96.4681584596 1.26084577243
441.694495723 145.547599191 0.729390193186
124.407438629 195.196618102 3.03556438396
111.803754902 0.235564260807 2.36725538196
171.582994786 288.993497282 5.65813146977
306.089258657 464.780312894 3.37585486291
181.350051276 103.692980992 1.89076016074
474.875487646 128.841703934 5.80783653389
282.773002261 232.387297564 0.33634895739
41.1441124423 352.421964351 3.88427984187
35.1090403191 289.529126023 6.22798047994
17.2391416201 2.06091637924 6.27186583067
442.737189982 376.460958593 5.26405464162
7.57207787585 349.567979817 6.26560502543
457.847001363 422.306902591 4.09601218111
240.092712596 467.21024147 4.31770430853
453.664013207 144.206633501 5.77144875957
354.154251403 32.3110634058 0.336403187515
83.2635041823 300.334820797 0.384942108751
283.724766685 32.9761072689 0.608458539003
78.046484274 259.545492506 1.27798702223
20.9046161933 326.081865381 1.9379592
442.689498451 251.504453899 5.16173224917
445.938323358 291.979765939 1.21551046697
307.022885811 126.392577625 2.0696706082
214.978854482 193.131295314 3.58376171609
316.001604082 263.231362112 4.54784675339
470.369055346 234.225730418 4.95930132219
223.088763451 175.439895821 5.46214051171
332.573472823 377.159199536 2.89676286272
399.624052404 134.33091349 1.98829969874
144.440495847 247.857818799 5.96956007492
191.488856564 480.276521959 1.59314061552
428.845828359 265.984880748 0.22688211586
431.667380115 336.123013532 1.33910243454
191.361450552 367.687617437 5.01843451716
24.2860036804 152.928523008 5.03980700578
440.768954056 129.826047924 0.495440645116
136.026174796 428.423456207 0.513488512538
416.465189831 228.775210186 1.36231948834
353.470800282 5.46724227503 6.12622611462
404.004191512 288.659360304 4.90294246402
290.996358628 409.762627317 2.37591154338
294.497639458 436.134520606 4.30273883551
416.813695259 475.1312517 4.79946175145
484.229357592 458.936160377 4.50753367014
285.023023437 477.219985485 5.52806789216
32.6925214649 84.1014144952 5.21258108391
42.3135247573 189.945943883 3.97760651393
345.806625805 198.602755012 0.460541281686
