0 50 80 0.7853981633974483 500 500
27.6575921919 186.504446573 5.03059821691
149.947353519 491.176999492 3.45950786499
204.003820905 133.134877949 0.0972380568753
429.47918877 96.7097173973 2.85601539007
181.689979122 13.1019164088 5.83041484636
271.9927627 405.102464374 5.14721477109
43.0226442855 65.702166525 0.422677210902
330.275665467 270.087498887 2.92674176238
311.284630645 258.904562279 4.43525754363
370.910919004 196.325242879 5.66741836794
93.9223462421 331.145695161 3.0929914241
110.120637177 390.279303312 5.53798584355
138.60260034 182.609958332 4.81412136615
321.289541724 488.030325557 4.64278778116
160.347264265 264.748847806 4.29534500832
207.805949189 221.622213983 1.28411340793
262.976719103 204.89069622 0.51745332976
111.595190759 146.570740957 1.7573700223
23.9004399249 269.080667979 1.10601213955
471.272514438 323.474739275 3.23831555481
238.21915125 323.969929449 0.856126146483
227.613556779 141.82971451 2.3841808704
98.9874144535 108.568770959 4.48601171741
142.369226067 186.872368611 1.0814655745
269.997828884 377.147084514 1.37187770216
325.435486374 6.57896967568 3.259781085
10.6290305021 253.772579531 0.283536853601
398.795207108 162.912494453 0.558081153715
223.250469756 326.363632487 5.43275922019
446.855177365 249.013001675 1.45584951532
385.780050176 335.09433764 0.275570118058
307.656162429 457.201302001 4.00678578536
402.768394146 128.26255718 1.82970852147
291.87021738 405.958788702 6.10779185839
272.7709913 222.084014183 4.98366466505
52.8585634736 404.893585097 3.30229976221
161.847065695 253.8321694 2.83097480355
454.508822492 68.1456970972 1.4308322908
132.009520017 452.499670237 0.431414169005
495.106057734 309.021375718 4.09941393138
358.748549685 222.308605383 0.129687422294
376.872797344 240.549199248 3.37716631286
299.988478037 58.7333602986 2.02484916184
98.0149757595 183.152010577 0.061043103507
390.004896071 129.026672259 5.41955282984
319.193649373 257.360014159 1.25961844866
237.952847048 260.21743429 4.9831885897
41.9952858159 51.5932537411 2.83164345968
173.545740772 363.971565265 3.52889307752
245.755590609 195.384114534 3.0219891252
