0 80 80 0.7853981633974483 500 500
316.599797238 68.1303563655 5.77858597358
267.770211082 167.830047628 2.84631313584
103.925421765 137.13428888 4.84363372139
98.6436798143 261.917256324 6.08064217122
180.852936883 122.489936023 3.77826053146
10.1319544227 188.987806616 3.95794747193
110.383781176 182.93789361 0.476346328508
449.624562388 390.76747405 3.72330516828
12.5836933841 490.558795751 1.5391621386
452.52767739 339.105747544 5.07219665007
85.4189230862 136.603790511 6.07693373257
483.854404969 346.920050167 1.06679126945
5.43057352801 253.21342701 0.266103494675
192.893141701 174.646446988 2.70980139551
364.155636868 204.975349822 0.741870386882
335.701212902 111.90782523 3.4198349189
64.7591240973 262.595860385 4.20383329336
92.7733744985 495.589866943 4.78248897379
65.31426959 391.632339201 2.35536282639
371.498357967 314.005733565 5.18405557597
216.126103576 187.247570479 1.08356958499
314.351137263 407.816690639 1.26158858084
86.6993734603 443.613486389 4.9418341167
227.814497773 224.703176925 3.41012532621
212.978020761 143.377890396 0.968882176414
415.509997803 394.018859429 2.20427922561
467.459383584 77.0051486939 4.20128245058
373.17934916 393.588698809 1.16311354595
214.494154383 317.424175244 1.7641818456
107.527782197 495.172876986 1.00099896722
219.343026128 167.556156225 2.01687804459
282.648560851 492.258771379 4.37192873515
134.12102979 157.739075773 5.68758852768
76.4651179015 29.7464252569 1.6300151199
384.459226789 462.205062192 0.154341026397
201.039873966 452.497580183 1.80873807984
133.040210065 87.4472908079 4.31963872534
207.828845419 293.499682141 4.98748663758
183.383802265 256.721312118 0.342369431747
25.4359265777 301.176504342 1.82017667388
367.917389521 184.095670762 0.279597484781
90.3902500014 343.716859649 2.40163310055
255.596696172 273.850457405 4.08980026568
149.082468784 221.0548515 4.42306279501
244.343546792 323.997591719 2.69669737713
24.5739064179 227.985785924 2.0506804524
479.978360693 56.7804490573 3.0164063736
168.901465087 40.8935298185 1.45714500246
227.820408717 415.609688115 0.119898413869
169.363903866 249.306535869 0.874281751777
129.348317339 161.195482713 2.83918398389
164.978355251 164.466681848 2.61913205561
57.5079427826 318.434721146 0.991794514787
361.726912328 228.010783921 2.33553812288
166.056898108 274.112103594 3.4966628734
76.199283193 128.334417066 2.76173868505
270.821655163 293.004123142 3.34247647454
134.502977155 160.602188301 2.50695465675
176.441196045 451.024425987 5.91756285321
396.639053209 383.357109748 1.19103237634
408.750848125 360.459053377 4.58901709553
387.679751931 282.383195926 4.51421108398
120.72488551 82.8857163523 2.04092492608
255.757571623 183.434980677 5.54539361641
478.729397647 279.078569392 3.65060746796
392.966641054 417.205750956 5.12385651274
121.786819508 47.6249217348 5.31600911798
415.687665062 325.217495132 2.4015448303
408.81416119 434.266603196 5.79885156611
161.542088998 189.465001537 1.8426868589
324.703713911 331.849874784 2.51878221377
284.443671859 24.8724684553 5.77412805811
384.780073294 98.8007921558 0.831020190243
239.937868861 269.788928944 5.18978503352
55.0692999966 73.030914569 4.42986913197
386.879268738 238.353617281 0.175943566749
283.332798786 171.978068442 3.45518804966
459.063528645 31.2250916939 3.38337645332
57.9707820542 149.199847386 1.99377629128
358.285013859 92.976957185 1.56407987826
