0 60 80 0.7853981633974483 500 500
438.685449428 101.432741018 3.79601193646
58.0783971685 26.6119362686 3.16824139163
400.526305754 483.928422969 4.1626395198
102.348665697 462.224557858 3.024082532
203.841956175 144.654955936 0.320377284975
133.285577328 44.5383866176 0.186308289268
66.3924284721 53.4182737139 2.60527190684
344.794156501 338.101864595 3.49622372209
421.179767757 355.788508244 1.44918166624
50.3517944175 148.512991184 2.32925699875
259.537532142 22.2586933912 4.60054161796
409.9837674 133.529445853 4.65945515256
87.2365370514 211.294413296 1.34261494719
170.793891452 187.506999175 4.2971818284
349.782442389 179.558457234 4.4445517169
339.810472686 131.475975041 5.60470988087
18.1360462572 236.86861827 2.58662352768
93.6047885877 0.570933176333 3.63161855371
42.8945442861 425.07556436 0.257106692196
131.273070634 146.595410719 3.86225254944
319.094910452 47.0048070054 2.13790221636
459.265422429 479.603490569 5.17037265008
229.244617392 407.466357387 1.40386711287
485.89890219 370.891928325 4.0733826633
420.681706493 316.242028497 2.36441345617
364.94267762 434.288351195 0.725509999029
340.343577494 234.40437217 4.08278167086
268.467326698 460.945451102 6.04015667535
152.827115698 45.8451791317 4.15034061974
27.6183976873 96.8437472014 6.13210727653
355.904424758 464.059750783 0.543673539178
6.13823213724 198.701819929 0.875779848074
168.548152255 402.190227782 2.72311632433
197.457013891 398.07851358 0.750488442858
398.444830723 306.707169808 3.28058229686
176.382250235 49.4524267868 4.65959702951
229.208216985 216.501776268 1.80942045633
82.1968009558 467.030188355 4.10483457039
340.353730007 29.3281056655 4.77652843293
363.69983352 294.753281855 4.46473498465
258.125884769 492.804116551 6.00289631742
241.265455298 352.937045019 1.89960399714
42.0219683058 390.037033468 6.03641275792
484.168769717 8.97436804055 2.02732029629
78.9880926206 144.966668261 1.74062417263
391.010221521 59.6021862794 4.72214642898
284.019237113 435.433055575 1.90768570189
269.618629841 121.347845538 3.97088647913
307.518748709 196.876884722 3.68558900569
312.29538566 443.894969669 4.23963629345
45.1826104137 241.348367539 3.4152190681
91.5532626334 223.03990879 2.08628443875
298.94465454 422.915529873 3.33517010332
21.5500916924 52.1594364594 3.34210223209
124.666633052 460.494467679 0.0258955227971
298.192420126 405.018931834 3.97895858727
291.226154681 149.412431725 4.02497159872
147.965344925 102.138652542 1.64250876066
443.735213704 202.371505415 3.81890387202
56.8629404104 456.927888355 4.13576912414
