0 100 80 0.7853981633974483 500 500
129.967269292 37.3243682244 0.722123620204
432.140065502 489.242244435 2.90250343709
45.016126993 200.073198134 1.9444350078
45.8223362687 319.243040643 2.16443957348
376.519384226 120.964425674 4.68132645658
5.7624200231 366.959936285 5.91582282733
206.861504304 88.1808002912 0.420220021166
349.216619597 373.176399916 6.26673839387
370.935185865 64.6032278422 2.73231799576
376.306673503 116.2692732 3.3309770182
477.263735352 242.330495518 4.97681611267
161.580502185 39.5827870459 4.66173925389
193.83760321 458.845860709 2.82308053007
176.443795485 210.844143249 5.21177580165
169.583317828 318.588713953 1.6510639727
311.370374729 46.2188204201 0.508132053411
310.446767245 278.120317092 1.25099381367
14.2710651174 298.973954588 2.28127253673
125.455088965 225.302226939 0.0518671417298
321.831242967 455.566278662 1.70808736246
435.072313039 154.183604704 0.68494404339
136.870120842 488.871152534 1.00569943244
285.692837652 468.637784219 0.0790371479828
135.710047676 38.4917578659 5.17072653241
326.687569076 234.207797417 1.57057637973
288.553655579 40.5110002336 3.71559709749
305.437346358 386.046903812 4.03647289853
387.19159196 176.710374641 3.11044797943
104.576442108 354.327376164 3.45218417462
48.4886083819 232.335894316 0.674885586844
257.994222987 86.259115924 3.37194877081
92.4665637152 264.978203994 0.744075386526
497.146314328 458.283492437 6.08819303751
303.193071494 188.785705142 1.41295783401
209.683352304 90.1176053116 6.15357588215
242.475783264 181.954154585 4.94521460169
40.2446829777 41.2728758022 0.836746684566
275.313113176 274.05687738 0.614171638217
370.938003546 282.33624802 5.46169351348
290.724061488 493.417632909 4.66151936028
465.401259251 1.00019065394 4.54081570872
50.2307144654 184.722307276 2.23439239478
212.375490369 269.980577102 5.8879979654
414.469992329 102.306946568 1.26101804248
466.65661509 277.702589862 4.58069094123
101.606826718 429.044656129 4.27769994907
105.350682171 157.771425359 5.98108515738
475.876827415 313.510738776 0.228384724145
65.8577313935 83.6543188223 1.77863780009
50.5517465519 303.282159614 1.02649245547
485.335462125 232.076834402 0.340071954754
288.039098538 233.067071159 0.542695142876
251.29912443 134.303738599 0.126272954478
470.114926082 93.410877676 0.868456490093
321.390330134 221.390648269 2.7491051551
429.691054398 443.528213626 4.93580252905
310.839858472 382.023007226 2.745409256
339.19629837 152.716636583 3.98597004865
278.633300493 325.461055709 6.21951585356
18.9545019298 413.535144217 5.93084262591
428.310339619 332.509064648 0.617911805836
217.392757719 48.8184426177 1.0178667861
157.95552565 357.402764135 3.56859955731
390.57234114 345.823502984 2.90070360498
184.815999602 145.629048359 0.223148626456
241.048663272 217.350008989 0.0154214638419
481.731487722 39.2029093127 3.34877060691
60.2497736635 177.991012234 4.24738923511
301.726649525 118.629558164 5.64441988218
89.8695012683 450.431464891 2.78456007222
232.293644719 9.8718507617 5.79957865183
478.725537357 273.585831949 5.80748799019
438.605560621 342.06646153 4.01276315676
136.032387799 105.976719129 4.03771942064
154.694479903 149.043844044 3.82137131695
235.74156676 436.862039465 4.02638167862
45.6228383868 59.7653559884 3.36949294892
80.8420599443 277.084655062 6.1535900683
371.003902729 411.890650179 2.54038300978
119.596789599 203.042994278 0.907399362975
357.695801293 408.224558639 5.85329830877
343.125554327 106.505040057 5.89473480907
192.003245243 363.078744515 0.707783069852
207.430901434 55.4308637138 5.52928795253
1.30071742519 4.17754875995 2.5649597014
161.361044502 265.552082491 5.46956773057
55.7024921938 219.186974789 5.04434634624
384.930517476 99.5289499069 1.5112373516
414.060060657 236.520178239 1.25053582735
157.352756265 212.874986061 5.54056623808
448.147764711 64.8620075965 2.77298336215
312.954378224 454.540394787 2.54125806546
330.978626953 86.345034771 5.93264760307
137.069842352 107.994192337 4.57727557643
128.457277564 306.918194077 5.93326956097
3.03790628373 196.303075853 2.40424674278
245.781616592 400.220232912 0.766696230969
338.642644122 294.408549671 2.65745323091
413.394459206 49.136099067 4.15389264974
238.506425765 61.067978857 1.37999385441
