0 80 80 0.7853981633974483 500 500
43.490483328 432.160300191 5.96726468124
19.1893968176 203.395633735 2.39117524744
486.677186027 159.809347651 3.88685467611
434.071003207 460.212048543 3.20066548839
448.125737706 474.74832161 2.89935495436
297.420974079 385.718289961 2.63214149447
54.7026600997 498.387886905 4.6090648456
347.688762279 186.171857654 3.75497745442
77.3268977192 189.533960593 5.79528146215
192.658962313 358.542910497 4.59325941322
52.9376125149 126.552048889 1.17357991854
139.396040032 355.793027597 0.917778320047
34.1556173841 494.733542631 4.26552248614
141.080396065 262.036944403 3.58938848449
369.684168148 71.1021138564 4.15997685181
237.215730992 378.074070686 0.681807852228
55.4617957423 488.733347629 2.63291842586
2.34781328577 209.69072888 4.93031225549
48.9322760109 367.358235004 0.499599549168
298.315282137 120.358117988 4.72638377039
347.206043802 58.8246711346 2.67062495067
195.316632999 487.561306997 4.77247444163
134.984840692 475.945530578 5.80535615219
136.191542795 303.358394816 2.03800254423
14.8359394355 493.540737425 6.20586758826
479.646403992 399.282886136 3.87475577788
322.76367262 332.726720875 4.50329487039
184.88221607 423.788652246 0.231777248562
374.992020081 125.372058202 2.27507869299
51.5360971558 38.6380101312 2.42643300667
458.15910244 360.944421168 3.6101603601
201.443538272 145.781762797 4.809265039
289.145884702 353.488164547 3.8161321733
440.552126071 17.1912094144 0.88728915448
250.208281783 61.7230008192 3.62534587887
422.187160366 95.926300473 3.23516876919
95.9331306025 190.431439725 4.97667841317
262.642396847 287.868340084 5.8822291426
207.394163578 491.229810491 5.47932089919
94.235639378 162.707713175 0.510583843265
138.82059245 31.6813816569 1.80738290348
116.324973346 351.533173361 1.03625546107
242.150542422 409.903921261 6.11765653195
329.810873323 135.679520302 3.51040674017
175.50871946 344.106413173 3.01891910491
447.279673956 146.576500264 3.89650921082
286.122194668 424.791998825 1.8174023601
229.016283908 471.925156893 1.03660619398
488.99963473 163.584504748 3.570246674
485.145264909 50.6529140921 1.88154189066
151.896116148 446.102683535 3.47885632645
320.71660669 287.181043605 5.81604082305
495.202003004 65.7509248827 2.32806775602
58.7777991229 59.257961672 5.22063678088
311.347270684 247.686590975 0.106734641235
2.76131476446 324.914523458 1.1156024092
461.317327455 391.593683259 4.04277430573
272.941218112 31.1164141448 5.61321497633
480.61585503 415.640365536 3.64702724427
180.868838847 181.129590171 1.81608580331
479.588084034 457.064941182 5.50169601837
461.119405861 450.119587 0.44428913754
333.441812825 222.988998732 4.35637467038
417.903967948 237.70958425 2.41923937879
173.533359233 15.4385095736 4.08773190159
362.602415458 377.916338403 2.3225034821
29.6620652538 168.268806751 4.65388360284
435.118129113 211.202980393 5.36629965128
188.952800733 449.212354936 1.51857886275
94.9954865738 452.719583011 0.53577194174
170.488705831 111.511911467 4.35972368935
142.878452251 232.389474394 1.4798167175
98.8359603952 52.8823991763 3.19108360412
118.5111033 345.497083197 1.75162522142
302.203628939 343.725793716 0.664724363339
79.9411922742 227.391497023 3.61203065671
110.211775976 229.849564293 2.37119860427
372.738412113 352.356624223 2.80849976355
457.460511835 439.698252978 2.38428137884
259.983022925 242.302234806 0.944814834724
