0 70 80 0.7853981633974483 500 500
458.960141371 219.941491189 0.574868348957
20.0802068908 107.110314268 3.32538201043
65.1922931463 432.847565285 1.54029696713
222.068885003 336.034712087 0.891769510126
429.397481869 85.6994101573 5.56122822294
251.928922951 358.626651441 4.68661488177
56.1659044522 313.372857961 2.38700158681
352.272771732 83.5091745254 1.34161230788
323.343905556 27.07076139 6.25628174119
210.91956108 426.48754007 5.4179549018
496.681310488 246.913945574 5.29681075158
337.819139642 154.815068891 1.22702777219
179.891917501 48.1231475449 2.33912734021
77.4249654625 482.533015055 2.61102046479
109.480685945 73.9528361123 4.75527686941
427.185559217 385.283451549 2.32546759299
244.780448592 154.584673704 0.724243105369
202.90502242 239.79456451 3.138571835
171.126569793 338.849108826 4.19990463179
404.676748783 466.12733409 2.41360814896
129.129200301 364.733786295 3.89869951999
226.9092293 377.361612594 1.26760408612
85.2816400562 470.043008438 3.11721444717
150.627273827 381.799306462 5.50561121797
98.4166369956 115.596767921 0.622484368876
82.770617155 266.759140291 3.59430261433
54.5401962986 244.384125413 5.23212722655
294.146453372 181.137922857 3.26877199989
249.015590839 49.9865983577 4.23826035901
44.5231990219 361.999281284 2.11873712305
36.2535638304 343.138299538 3.14254915438
133.377184353 327.278327598 1.18125535081
131.873594703 418.543014605 2.40665923611
465.251897529 386.929955807 4.09860606137
91.4615001784 72.9223689781 6.20679308031
79.8977498564 33.4310264192 0.59980247564
70.2452095764 161.840846254 2.1357095494
226.113798209 304.633465556 3.64461053831
7.73983347258 111.222594302 1.37823156415
481.158872441 297.495786881 5.48581037623
391.189320015 369.24276712 4.48476190566
104.025312299 251.162078599 4.56840030831
437.217369729 350.709015912 6.21751445795
87.9512545465 146.916248886 1.48189750482
132.99200128 153.67020201 0.142548896335
371.737059207 458.060033363 5.94133685288
193.16651914 413.707145557 0.534694460033
190.967662745 142.648691701 4.35181838969
235.689384173 208.6915613 0.654155524047
304.631294861 229.338210712 5.21819879711
231.249968944 388.614327542 3.06660741703
37.0824553894 181.343924015 5.12013832425
212.000895295 318.41971922 0.582398795117
301.256543708 468.002806068 3.79286762687
329.099093896 475.888933185 5.52900620333
80.8921182938 456.534740212 2.40831776744
277.505474806 252.324497107 1.79335408202
188.208911547 83.7891773976 3.59365911028
74.9206225656 74.0373420822 0.481828364864
145.666752249 204.505072432 4.46727059378
391.817009208 327.645013015 5.27962977827
203.600572953 45.2986699179 4.9385428474
371.075506669 497.971675664 4.33403158638
190.950709863 331.570443511 3.90869532385
125.261861108 110.740588105 5.73017497002
397.309008804 240.522520478 5.87674248199
425.405950788 284.413111106 5.34900701411
279.960337829 410.146463365 2.74870097404
245.914413843 469.095309496 2.82230816527
106.058616343 48.1213257952 3.31096545839
