0 70 80 0.7853981633974483 500 500
108.314639168 265.170671141 3.66662443932
259.650969554 344.37677711 2.21472568575
120.906812315 351.271994507 0.118335228068
403.882414226 82.3484877115 0.375183392558
321.779343658 60.0102196905 2.75619403229
66.7689704497 25.4100293714 3.49143531534
380.086614817 76.7066800964 4.20212642129
145.382886019 116.018538059 5.78686246725
23.9523396337 373.481822909 3.29405028035
314.304958618 171.895201214 0.469151086844
59.8135133297 441.213500203 5.76454406391
98.8730892141 111.108226131 0.299640461923
80.5161519782 418.81100324 5.98369211199
311.781062737 132.385462096 3.70150755802
327.418972429 334.92039611 3.29014056342
189.297316501 27.7342702933 3.08574248669
202.274530764 494.311303895 4.56989242843
268.335006773 352.600567543 4.92359675459
331.070449446 277.159600268 2.78878358147
329.985219206 30.0002377854 6.04835501473
365.09567496 108.760538495 5.76471647225
290.589096568 361.25830034 3.63051111805
164.439028352 281.584867799 1.05358914582
244.416734402 177.283539428 0.24409993979
178.371438229 413.160421925 6.03468126848
212.738488184 317.048720556 0.99072367571
244.366909942 157.239963315 6.17675676634
117.557731929 412.825760784 4.56430958973
172.776336594 46.4980128287 3.71990470691
250.887319889 436.127952287 1.12099357594
11.6081040469 286.82665082 4.63648569142
328.127932911 344.141001052 1.14816428987
46.8392597295 126.705697248 2.25365463899
386.933843904 183.911751825 5.03164901593
1.68026608847 203.664566641 3.44467613985
154.404493045 219.109181841 4.3417215738
45.6972364914 478.450407683 1.94456598583
432.492387097 352.843245604 0.765335930951
473.928504146 154.769875107 2.10147886697
405.077927881 430.073977929 5.73919350753
456.319871141 352.696696804 4.7575174386
401.493533681 302.500407967 3.8955934125
226.16164739 379.839708138 3.128010287
219.781900055 410.972306219 2.18170394578
77.469014504 315.634815987 1.78164712005
306.001504407 142.274279934 5.09576081333
279.353543615 283.530488852 2.28540224092
191.910718116 357.504877802 2.21273711615
315.726458007 238.914262122 6.25128838539
224.896553522 90.2298712191 2.98000341168
153.675863024 116.368728 2.25215166911
143.880116569 250.331481476 2.87595282725
319.889035169 447.630235221 6.23997355298
483.567797295 281.296388658 1.80579600326
438.223237141 78.3723587535 2.8631840613
469.179171887 405.902159508 0.100130912943
209.855104046 219.62181771 1.30645610945
161.680837995 16.066616909 6.1426666717
281.49690131 118.901466407 3.70121467289
9.09685097243 339.260338535 1.21813755208
155.761969847 246.404213937 6.24381647838
257.921185457 121.199801469 0.329560181384
341.700838604 394.807179561 6.19145622876
152.187350362 389.933717689 3.39778407808
17.4648721765 400.161505105 0.651807310916
99.6873645744 455.773598985 1.69194128373
282.321039465 111.164046563 2.92030161688
155.676074681 73.6726698901 1.28447927699
428.083992893 327.821615834 5.06508860707
330.236958326 25.6303545025 0.332175708286
