0 90 80 0.7853981633974483 500 500
234.036656782 326.726176411 1.01973534569
479.163263159 42.8241887639 2.78722019657
290.177151575 489.071001908 1.78888056493
46.5285419368 135.226603482 2.53980631694
267.056000117 267.181784056 1.92731663412
379.815558477 285.464967721 2.39628427594
287.925261813 286.659131454 5.86106169628
471.408176296 9.55204658845 4.49189928091
210.628675436 76.5017915389 4.77221087046
166.014934922 30.7736928199 5.72488595084
138.278550625 483.511343122 4.22112039876
467.571635499 325.360019948 1.51622855715
306.345870154 290.320346018 3.7264459672
243.951937771 136.231260191 3.84019239123
54.1573385476 145.294043698 0.325511654793
322.121936945 98.9607763094 5.46088511971
310.620323236 275.276479447 5.09208595536
303.564870595 106.506431492 1.06976019675
334.247935376 203.32695449 3.07617462251
218.476988195 341.213001532 4.27243002693
481.313275744 128.832292689 4.93073921516
255.299758286 163.346504908 1.06444847889
435.304763711 453.423849739 0.964842913478
3.49491178681 117.669359383 1.44915911472
466.377968993 300.402836526 5.36638612194
113.844437233 464.554411166 3.66739610749
249.728733439 400.062605587 0.932056252646
283.247446231 313.578693577 3.56126976641
446.388535238 437.600794816 1.78216050356
138.24806682 119.532757403 1.93332133734
35.7951339559 55.1991148972 1.61324623835
329.283896153 450.569096453 5.97330282883
193.746701577 476.27283423 3.56854763748
448.751788422 482.876500987 3.70291762177
369.611571256 13.297860539 2.9962900176
274.749923433 216.600094487 5.34402233192
279.047782694 132.150341412 2.45252124539
311.881778866 413.756609291 2.48488594891
1.30042630714 262.301039556 0.241164131816
56.9505693557 244.838688145 1.75000651078
133.431859667 65.6940907144 0.0846149862684
91.7500674524 182.417334673 0.753678295624
295.353588522 85.6322813062 6.0137434958
202.841642012 146.122007199 2.13202988491
413.887060848 405.681500032 3.74208141007
455.988359002 308.24266722 3.85469519774
40.9856628548 172.452415307 0.981099036487
53.4733095157 71.2556750782 2.10977513391
173.874030131 223.503276013 2.81390758658
446.836577186 150.687250704 3.38440048149
132.827523754 377.268090617 5.28335428555
192.365823052 3.16559106766 0.944062515189
58.3835218209 371.954266488 0.744175248428
436.04707624 45.8469511182 5.9413678564
239.334978072 454.787923222 4.14750717454
113.052945211 463.173528827 3.18400768883
400.882475361 421.621675263 5.25685993913
13.5784451557 297.034552569 4.91632615638
203.046169005 460.183316115 3.64441295665
268.542019868 416.354630939 5.91839189148
168.13478959 289.69090876 1.44493392608
173.000748104 479.213847978 0.582389917417
217.891867012 449.216253793 4.7561933334
392.299491349 61.6942088245 2.71793898441
346.508336766 430.425406214 0.20460952698
458.031152503 428.932921541 4.04885474605
201.770245325 66.4057669148 5.20480989592
113.292999168 398.794453763 3.51045124485
456.679203811 486.848387804 0.42830514975
271.52091414 246.699653364 1.85987330271
138.238772247 409.465093725 5.04622107421
401.98347888 237.385175821 1.77649661309
329.044183919 192.506847098 5.11032009338
440.184371467 472.363967217 3.46464558124
109.324222988 213.935437179 2.13557807273
204.803589316 353.329326357 3.58302631789
218.080160319 237.696947686 1.33586358496
292.072749944 363.498619336 1.48470190498
233.32687878 326.514295881 1.03379786591
47.8458949381 372.032497222 2.36370605819
217.982458377 281.07518911 2.21460311927
267.880548598 297.745982624 1.18215910537
154.724454464 88.4955071566 5.88873713531
358.722091681 351.666137456 4.55066299634
220.690564645 122.153033626 1.97136359262
337.452831794 272.382663 6.13127995853
96.6658844473 361.370022051 4.42006796019
415.405753155 218.982291939 6.28295497877
105.450251637 270.187044387 4.53431142971
369.051579444 486.651393941 0.746405052269
