0 100 80 0.7853981633974483 500 500
331.547225654 203.076476554 6.24503211389
367.085221258 29.0242703831 2.19074980854
482.896410761 319.412354842 2.0621574443
79.8715789797 58.8859342286 0.3475928838
465.657748336 290.264165913 5.37066306661
413.5301835 489.846360203 3.68481723009
372.277237368 271.966094056 5.43228693724
257.928906125 112.902946116 0.625178725215
114.530228102 158.555886706 6.17600541552
460.783420394 367.780566499 2.54796598322
448.907278047 417.143055242 5.38714408345
237.346800079 399.644849988 2.05463580786
492.969352121 299.611151681 0.159254131407
249.630837997 382.759813388 5.39364733167
239.347435829 423.254455523 4.89449664785
445.868759994 169.797523102 1.96662414409
328.43848682 148.095605173 3.83148430658
85.5578153213 453.475100794 1.28400066393
416.327539375 125.284540908 0.882828549782
446.213767008 425.276183339 5.43064563424
323.982446341 223.651449252 1.96033098761
231.584764088 377.219062018 6.11052622181
486.246553364 73.9630326929 4.25343382508
329.872288753 311.384970199 3.65570895413
329.623824671 486.264305094 6.15702675424
262.09725486 341.367074589 2.94329732141
329.628675866 174.528353457 3.80803794944
30.2841044055 121.753906305 0.357911155769
402.475068216 168.422931527 6.25419344349
325.130900222 354.250917772 2.86184588026
84.496415729 353.949228953 4.06043927631
234.285350411 171.182913285 0.551748893934
313.075708548 120.51987992 4.61741896118
323.832067008 223.062355347 5.11453453919
32.4507457628 225.846197449 2.45896326684
300.436623813 493.63568931 0.0833198246844
287.397274481 62.1147984258 3.22561082508
93.0317409622 319.632332775 1.15883805584
360.733050086 283.890337534 5.32108925244
155.681267644 487.823379052 3.84837433858
331.645901834 122.073607125 4.37534247848
171.839953178 428.549044028 1.76890235625
78.8015246315 110.214031671 1.94042508006
497.976770403 140.805030349 3.71362279704
465.254489505 129.079080689 4.3338358647
356.761077092 255.726400887 1.7489321445
112.809061192 436.328391743 3.48193007877
272.072046094 319.699713531 2.28810400275
97.5756034874 338.879317673 3.96918610193
214.863235617 193.104843711 0.399778014524
154.430116948 5.98026440261 3.29993840339
46.0795227262 369.511927885 1.94019405191
333.715299243 341.628743923 1.47331106656
77.080806421 207.079193196 6.27150918592
485.756297606 232.622803816 1.99910775466
371.329069864 133.29033071 5.52967509733
98.2677359101 435.802600958 3.29115471652
361.454699254 201.565783308 0.183554180375
134.947601903 224.410527603 1.28316494981
26.131584729 430.480666545 4.43183168642
105.559275873 220.67769627 1.6830926263
340.408710839 269.707009094 3.52304124314
201.571700146 124.058676419 4.0943520283
439.58793451 300.344984534 1.27288256432
207.785169551 474.877608564 2.95205197982
189.671581415 190.018094567 6.18161412049
114.222420849 447.975344983 1.30026163425
479.493326695 409.981140876 4.85722131759
86.8863918235 131.399614208 3.99125872161
320.678480916 294.186819395 0.241274013263
306.28589212 263.010754755 5.20514474558
120.10090362 351.665729501 6.22842724992
141.978515415 245.3837098 1.64150812838
94.981584605 463.448645176 6.02164007224
252.269645915 105.166356958 3.10816709422
194.51227178 34.88067409 1.91711237175
353.744815223 110.419006303 2.13533312408
101.488395311 37.5342238617 5.41109348828
299.940841211 357.999472753 4.48275215762
388.27652749 39.0570338064 4.27975154738
114.072363533 29.9743351843 1.86797296874
382.903915634 165.276217796 0.853104351367
5.66499029602 183.440386827 3.67723630947
247.774018209 388.185719177 3.8712220331
494.072114052 330.465386398 3.0591593336
282.225948769 219.286022031 1.15938465626
238.820361786 309.83522599 6.23004572312
182.144126341 289.400624653 3.37592161651
484.538768748 124.980940412 4.4497982686
417.277937201 25.9225141177 4.54900841747
223.301451049 470.621979893 0.188081809631
437.724306967 106.178382815 0.378313111284
23.5416934544 195.100198518 0.83806150109
210.9180056 419.427591373 0.722537614683
304.126412168 291.534788852 5.49729366225
125.109802849 192.899516295 0.27727382786
487.709853643 126.894838546 5.08686859024
252.716907353 181.694610879 0.818899970865
115.397494946 483.87783393 2.44780073126
336.650615879 266.907107126 6.05799191173
