0 40 80 0.7853981633974483 500 500
286.207025798 139.582671639 1.10373056923
443.491178311 7.61525595609 1.30055612388
212.3082177 120.035564676 5.35487344207
82.2451936895 260.175527984 3.95170835143
316.724625355 224.318988255 2.63282194905
31.4980639244 388.322082814 1.917307018
8.30050083234 408.144804212 2.1341251502
32.7513817204 306.11461037 0.760328484146
271.076316604 227.956064741 0.589838440537
453.688856117 323.813286734 1.01445312513
438.117127674 476.764213488 0.097942892152
97.0255429008 65.4162234031 5.63723462232
452.583966935 99.8750284606 2.86496449348
488.112993651 204.911446459 5.75360198404
342.548792881 488.435308237 0.828876846759
262.310744572 438.918835424 3.94229666041
459.479173417 106.660669646 4.36985156394
17.7354039841 66.909464353 2.85422025352
220.522467694 267.817868627 5.10744825333
495.805247241 461.454124241 4.29130653907
87.6580147296 57.5654857032 4.99218461068
324.165230469 430.094043718 3.98670771955
400.248832173 372.845534655 1.78698277861
476.691116426 185.763716434 1.48442903677
79.7899510657 185.122807626 2.1315082433
227.339819167 337.6781725 4.97864431781
116.963689534 353.398076598 0.120551044433
104.881163218 177.909045914 4.29189781562
400.536761252 15.4935978119 2.81096176625
145.157618466 286.724398355 3.5739003908
177.79384141 40.693891314 3.87664982506
247.155528205 256.025438977 3.6502660146
454.942722069 321.784320143 0.197696912246
329.761734349 453.770630062 6.2626548355
126.196108192 179.246271745 0.717510010514
366.826694639 364.370940461 4.17184779908
92.8587354261 360.414506559 4.47217396319
29.4585329334 368.691619202 6.17745824098
439.932037477 198.20829444 1.47929165658
200.437569638 447.781971744 5.83256291707
