0 60 80 0.7853981633974483 500 500
407.639238385 491.033494574 5.71427337954
23.7915572953 188.136802168 5.73654507236
116.679303554 155.207810025 3.7247254999
310.415801055 28.0343252197 3.85297636982
496.422352146 263.738886873 5.35704263666
143.420647394 41.7769599472 5.01637108597
336.604548966 125.625398747 3.86754697283
50.1675953408 386.554633493 5.84470093486
44.4124062881 150.800473045 5.71777665748
112.200278372 466.974200398 2.88703888931
444.314078284 60.4293284583 3.3794576725
403.611598886 182.961408953 0.483392278904
497.339701357 466.441788043 4.50355621957
18.1289612184 480.620550979 2.63750662094
333.535061833 362.473829354 3.57358545052
391.921319618 395.828293861 1.06661178362
41.2080098091 134.308537483 2.33027752362
97.2506618659 163.807158453 2.26411483027
146.586540394 202.062540782 5.48505541855
368.764482202 3.55194058917 3.53112856232
253.187574757 256.701201196 4.340625715
247.030509821 304.968054225 2.07447499523
6.18340258217 444.200388903 4.02783623795
46.2319149984 270.215542003 4.33424302982
2.86331447127 216.661966666 1.75915017903
359.149289909 415.349744733 3.95699743104
436.926615953 88.5627209675 0.453981868591
436.079860887 207.771672494 0.0194409380643
28.242891655 31.1942218298 0.0409341464902
6.81830842243 171.190015125 4.11501044045
142.942183845 156.933087016 3.8770325584
9.79829228418 356.866088565 2.52825592781
216.822287787 66.6901002134 4.02275953934
117.928409101 193.969538292 1.5301503314
344.973558462 90.9165794965 1.60519662152
196.158425745 368.977699615 0.311149199747
478.278539516 200.338336833 0.116339902519
136.201453735 161.910786973 1.04499462895
406.149674277 250.815215005 5.32642269415
260.979682026 458.5247544 1.7370619911
42.9006951275 322.604017859 1.63336663454
430.561020361 396.03938603 2.30278266876
12.8753452501 462.348210895 0.505596549606
134.218802902 283.475728649 5.02496487327
331.638156301 216.460409569 2.47677113838
415.74614995 139.233091606 1.26324723909
89.3785729658 43.7267266904 4.25204818008
172.245719365 60.363123848 5.45753626842
489.914313168 12.1900008575 3.51951167418
57.3629736084 462.549643749 0.509596685908
302.626523854 253.377737836 5.0825710271
338.780186016 355.381820123 1.82806411992
108.971855063 267.68503328 6.14594914212
67.0871466602 68.9992100243 5.7961348914
116.161265431 295.8105951 0.417106010166
221.47156725 246.130615553 4.17113386506
277.34720365 271.855038899 1.45236716755
373.200336845 69.0124115385 5.83974493012
432.182623749 461.113021522 3.92389481484
427.360785118 188.698718139 1.66346244729
