0 40 80 0.7853981633974483 500 500
231.491458447 180.859584167 1.13712351928
348.57741688 454.614347988 4.26042131607
166.152799071 242.823297155 4.13185343278
278.26108253 79.0980816671 4.92443305202
117.218831417 50.8323290084 6.22823855384
188.554375008 50.890851167 2.28635132851
402.944010357 212.436973892 3.7386687011
76.9080455209 265.15054856 3.6091241728
189.658170016 17.6461371329 5.23700760158
309.452464301 170.211519211 4.60907922602
156.691589206 180.582060417 1.46070137318
269.851326279 157.26523344 2.44405821453
155.149742269 88.0156024288 3.95431230197
383.109140965 100.040843581 1.32381915961
462.92183273 144.210368052 5.69440025126
149.420032478 355.627072052 3.06867862675
163.222673608 381.683996883 3.84968410331
301.715404948 116.655016479 2.1890742389
171.744209593 175.378455424 1.82013991564
129.484057698 31.6981959658 2.26680709268
255.404933995 91.5132499572 3.42025536498
328.428845344 165.486071117 1.81628840549
284.982620958 288.537497908 2.86390752926
494.836525752 148.203411588 2.62392751495
165.458276078 430.477765599 4.80514930731
150.422619576 217.317668466 5.38171047613
354.834182875 483.124160405 5.57181863792
349.214604328 138.58777436 5.42976988135
63.5034946611 263.925308801 2.53283772837
392.906781385 36.3450999271 4.14874044613
254.336376748 270.325186953 4.39303994206
15.9991029298 180.671910682 2.05138015973
291.64196405 277.362543064 2.58176170402
86.0531763863 60.6549465114 2.30257391176
322.046900391 257.049447112 0.893732229051
22.4837649911 26.3411215974 4.05825863926
16.9695095422 185.821884106 2.42861442591
305.869570443 239.841998893 2.8997365187
148.794845882 56.8160564944 4.4935702789
55.2922046901 349.784400673 4.75167744784
