0 100 80 0.7853981633974483 500 500
233.500866197 73.253330217 1.85794702912
71.3924689848 182.722255646 2.21134875922
99.4337193831 205.0888081 1.84479991013
20.8157614411 104.462012924 2.96347060845
407.002031799 11.9383016353 3.66748994674
252.795745981 314.147941064 6.05240008851
90.5974180648 295.864704133 4.88035277692
227.158621637 471.771143574 3.04106796762
6.84713993505 370.168738983 4.29395431957
227.594413895 277.279697356 3.90725562644
64.4250184814 208.116547413 0.231989572849
343.619782693 111.359843509 3.81102956872
30.5751266453 494.694539856 0.586027989511
305.015975171 209.839181896 3.07970301872
420.535246757 164.38640554 2.36185772833
13.1954076974 133.651719069 5.2205377119
432.792142415 184.803438101 1.97717415993
23.5396731247 407.059598157 1.34881201313
315.676806915 44.1950347161 3.66851280887
227.213558032 437.419685525 0.566096374299
488.43766023 86.9201644729 1.34366048907
11.1313768193 432.378483299 3.76504749343
80.1961214539 486.537312851 0.131019524732
119.157072697 15.7109098243 2.48355299441
101.544164549 355.31483555 0.616666019037
273.717482529 345.693669637 0.116454156386
155.900402034 375.830670337 1.59522164351
110.351600949 236.117287789 2.39600795399
429.019458791 217.188484582 1.77434530378
348.506104282 135.305275816 3.69461712904
111.23379707 117.63145961 2.16413224236
426.13768438 220.981451159 1.61592076107
74.0967048907 306.116821949 0.220171811417
422.838556816 138.383839432 2.00410862443
14.3918218439 181.628965922 6.05093810293
408.697624293 49.903995672 3.94361458422
488.061866834 397.816463621 3.84579714798
267.588018005 452.952610874 1.87186194277
190.214132264 338.04937812 4.79847170691
144.493648736 74.1180332726 2.29077893108
224.265670925 347.063899763 1.16454118937
106.127490728 377.796344773 4.23028069036
298.834364318 240.500691853 0.244097670091
219.719095895 259.218566035 3.05306265015
10.9802467709 232.005630193 3.78195213857
176.333137586 308.210719165 2.42253771
458.608339023 129.908119715 1.5766015359
478.90147717 294.032796992 3.57870414187
17.3868223132 294.921915646 4.73302749583
485.768765544 236.320701066 2.57859709916
350.594898148 374.207149363 2.61835263717
231.693323377 40.7519332041 3.19536686198
28.9562288892 293.966701232 0.0280503309618
257.466342724 475.260226887 3.9510309398
245.707588333 7.76388597537 1.71066976172
103.918395334 458.672059758 5.80986332546
190.365834557 175.351701122 2.76607468367
360.991136558 33.2574463432 2.6366022902
136.921025218 485.332502595 5.8593648795
370.982256441 145.394353826 5.65911966383
420.771044174 470.590938539 2.85039696782
311.685574082 243.188945424 2.14872992082
207.740297346 362.43656063 0.251306972913
251.495750386 458.034482974 2.36385867527
439.77052907 208.897010559 5.26199426922
300.77332723 198.955439263 0.573689496853
486.082300186 442.558179208 1.89228580035
332.510356814 495.959379992 3.67053555424
127.221133015 394.743299202 4.40910395884
466.685950842 312.419351852 0.214217151024
25.2300730744 347.350508916 4.2539711652
347.137399414 178.209501357 0.000879075483691
137.382496541 175.909011531 4.77457574606
322.991477073 168.145643493 1.45520759027
337.318489827 27.4053760991 2.85810272093
288.752348656 45.8752026098 3.47907219979
286.277886587 112.399114489 2.41958103395
366.237477446 427.583145743 0.225619198645
253.046825643 152.507806864 4.5991983244
255.926689665 344.742016738 1.32203314067
244.709725203 134.619692237 2.19841033098
227.361024324 333.582865351 2.7863184675
85.3432571319 130.48449973 2.38849933809
224.281183231 210.773943366 2.52582132447
333.64285431 298.146317377 0.537076959289
125.786559637 403.220415472 3.61931916045
135.578375063 88.1414935285 2.84877571773
158.694505618 325.529012693 3.57769020134
430.10132104 456.211535605 5.67424020071
491.910261636 328.865168054 4.39493434887
221.827998467 246.405432298 5.00081363372
109.578816877 392.082312675 4.06366069889
69.1128185327 86.8609555931 5.94272128215
438.391966661 309.75516986 3.93225861182
320.31869258 36.5128183047 4.99171285441
407.950103828 468.590765051 1.37547848143
474.072402562 464.779933509 3.21591015407
228.019970659 491.914355091 0.737148513583
367.727025142 323.991685504 4.22537490306
498.632230322 392.91900502 0.175749464245
