0 80 80 0.7853981633974483 500 500
226.902587232 137.109160104 4.65280304375
400.177545948 443.612810254 4.44645211599
416.594530973 62.913588349 1.0879389681
73.6023487556 320.893149087 5.86960596084
308.833645264 318.291435515 5.65070665563
400.883316858 120.37272332 1.25496002051
133.44046986 288.266066348 3.03545019708
344.339658336 284.427423456 2.57444236355
191.268533824 382.396388406 1.83641138552
143.216725221 348.172368171 4.05073939384
499.298465296 332.302827665 2.20001808813
326.876448589 365.813958731 3.86019188365
67.3746160346 291.840437541 5.17012034604
312.417090281 349.526094728 1.98458155724
181.64321045 332.043043594 4.87579265978
213.842803881 203.72648323 5.52885018792
477.811401844 41.9885244732 2.7393636169
408.708598522 118.48499896 5.92812927935
219.088726188 371.309628383 1.19334868892
128.599362709 224.757473684 4.48428808094
461.494639059 101.971212481 0.0404782557978
304.480936653 91.4010298858 2.88652498925
137.123044472 350.747814991 0.453476646942
107.37882388 112.563654279 3.76506352864
69.0979160669 414.264313674 1.84858712989
210.401564188 166.444559702 2.97026092084
304.672485038 188.711906798 3.63601284658
231.08953825 264.219302012 2.70618482304
68.5555271131 369.714672855 1.91133669763
379.866064322 280.617513187 3.44051433617
198.031008316 175.972518319 3.32871276841
223.281380072 90.838795268 6.04515679074
450.582145814 116.370269967 5.4573691464
262.918523246 168.339539316 1.05200014252
387.569139799 328.502079039 5.13520038465
97.4140629383 53.9415249714 3.6489736577
142.79313138 365.319253448 4.57866713792
21.1738769909 423.81746027 4.70502208936
287.142179594 10.9883011731 3.3283817258
392.841811309 495.884919974 4.00397281757
473.161649441 305.636194576 0.155027282581
124.462712057 298.935278964 2.59362957493
125.694841632 81.8017670866 5.75476878233
149.318699806 304.052977801 4.47507386799
303.152058588 64.3845222057 2.84200783474
154.601269548 487.517914936 1.08856361416
119.79783087 94.2984246818 0.258451814991
79.3849113695 340.419098332 2.7253646709
53.5261243224 397.558688732 2.59717838357
139.180385121 389.147034772 0.85015406855
351.591622209 40.3793642793 4.81292353237
381.872224768 373.421422218 2.2610695022
320.561126451 128.026828902 1.59088461659
187.616586342 335.539431121 3.32684515229
347.141206272 43.9199902736 3.22499992789
439.133443784 128.325435972 1.80916045823
236.312377835 214.796905963 3.75782285686
186.401942355 93.3882958445 3.35636104307
71.6059215224 41.7119291262 2.43235098703
106.617837869 373.227390946 1.34522773102
9.63106318468 350.053595055 0.0878079103074
452.849398858 295.331110232 4.98347062286
295.142775025 422.948122288 6.09749763819
31.2529211422 427.113491429 4.63961298903
63.5991445767 71.1971530891 6.13637325809
170.037609803 358.100636664 0.845957196521
345.983370122 80.8507586363 2.21103809996
80.6774802655 226.952399794 1.0615408068
14.284818534 447.855142527 4.09977405448
153.967559901 410.270223148 0.423468114536
194.74805966 169.1599744 3.50126772068
434.815591677 314.88654316 3.70965209121
212.162563951 341.24666738 0.216399007283
315.8758629 427.440845914 4.27136168966
117.839012115 77.3185761914 5.60896020163
385.331828299 440.197976585 4.15002503807
280.820662974 186.096934021 1.83380653849
36.584216747 153.557871221 0.453778598941
353.029498363 98.3358514704 2.36699063323
332.598541681 466.490409721 1.24550199507
