0 100 80 0.7853981633974483 500 500
358.454691488 223.239333138 2.99647395685
333.253373742 392.229755542 0.298938924212
383.877535739 330.906043609 1.24231573316
154.857952203 387.478848366 5.70217145713
74.9921948422 238.869601055 1.44253461938
73.7736245486 476.153908645 1.41464329688
121.362478034 113.181579852 1.84903249261
441.697675919 396.317639159 0.771235626654
43.6501416639 203.929839044 3.16689023051
80.0264669551 76.8750159005 2.65710839295
113.522676556 428.860385251 5.50943259394
381.093337771 285.366932309 2.06658903885
334.166213491 474.754075594 2.09051288721
40.9812649554 65.3922328755 3.23419205111
144.914626831 497.685131954 6.00108179032
101.473155229 71.0909958011 5.86725160112
118.299763935 260.26098693 0.481529862887
439.907264485 352.547545723 2.89749757677
151.901348702 19.925521987 5.45181397287
334.699446996 306.312960729 3.08362021881
14.0388253846 247.164748711 3.0289070268
16.9274198851 22.7941791161 1.11869102649
40.2112356827 205.341601662 5.67800294797
465.985213604 229.30652024 3.64685500897
248.189087215 163.888171503 3.29032040552
148.508531661 7.15912867344 4.35669927243
244.364208699 315.338133583 0.294209875531
410.818782993 123.607707146 4.53382777982
384.40721852 458.401818567 6.19805943059
490.007918835 244.779806031 4.0969033801
403.858411603 362.351941937 0.552846390297
170.16669337 207.608868729 0.410174518302
230.809172663 183.704108997 2.70237411761
337.59574879 151.566871752 2.24141050782
16.6061972086 342.247841844 5.60090599761
60.9981594217 437.036723769 5.15386310758
345.577673522 303.888007644 1.85492426148
368.35542561 28.1260252016 3.41711205883
183.577448427 102.96219801 1.20891897459
18.1024244695 464.793558401 2.8546086613
468.199276329 308.607681006 5.57523114001
51.7566454055 398.429225511 4.83676961246
22.1088602563 328.529317887 4.03242490249
292.151721544 319.95320201 3.59090918579
165.25760901 306.347333673 5.16343635917
134.289167858 93.845970796 1.94769056103
208.119075054 285.81587206 4.02625056657
358.413418612 194.53038872 4.56959809316
152.624609797 87.7410398803 5.33172948646
396.681343347 236.353758079 5.26412829728
265.697492299 53.8553772982 0.666631829937
52.0888397856 167.302821833 2.55980013916
436.52050103 162.379955904 1.72153332568
376.181891307 317.396145483 1.73408831808
267.801846168 135.571573647 0.472610723704
331.006250357 278.095473168 2.06798815024
277.189118855 206.552950493 0.137873843483
348.567699043 455.216238746 6.07790608441
125.821802746 393.530453351 3.97497803891
14.2426672604 422.153424707 3.6988684891
401.676229644 227.248144903 1.34681681753
465.720005451 20.5112622575 0.672654110399
267.927595206 491.771012181 0.0239984086647
96.7050160275 61.6406520834 0.0485271983575
98.2076500127 277.198398649 1.45109181066
178.907553332 274.482492858 5.97652309722
344.988417185 407.604234974 0.960566694968
214.698186526 32.7181576623 4.43556331171
313.855937197 381.445071975 1.2102626632
245.605621374 234.037107057 2.39758868851
272.612708549 393.222299413 0.641347226108
51.0616333655 150.158010899 3.63121609402
282.738643053 431.253836238 6.16673432444
324.821792013 240.751449989 3.56106522282
285.459979695 50.3881743864 0.747073063773
123.443078121 19.9024932143 2.14493075883
214.625565578 82.3483484648 4.09726041805
465.201064545 372.551031699 3.64494170623
36.0362732315 425.817722702 0.832014538065
219.642759175 411.638963656 3.40740524385
430.392450247 293.92274861 4.27569077655
351.965750106 91.5618815529 4.93054410719
40.6610858699 203.688351626 2.36887433232
64.0149512768 51.515509762 3.61959808236
12.5227823167 496.868768717 0.879805220905
296.408233135 146.185690216 6.2786054704
57.138257256 264.183474359 2.27451614325
442.369411226 383.713608422 5.90824402282
22.6104139895 245.91867604 5.89136006972
138.828906883 133.621156549 4.62901624486
446.130613768 102.288832939 2.94577516706
32.6021398905 160.804442711 5.34237835501
99.2106529954 394.866192912 1.01987651472
271.557946725 67.5696154712 1.3135100059
219.854430491 62.9746540424 1.25021710861
395.58271351 14.1294313638 2.43002779952
5.18775590148 425.078764452 1.35248037905
90.9586638759 200.009044048 4.61086867311
169.72441477 224.279369662 3.31090044783
193.013826163 255.754870333 1.71632240834
