0 30 80 0.7853981633974483 500 500
253.178924144 421.66097907 4.51161626194
356.36360093 35.9513267966 4.95609580241
442.777151185 454.440280841 6.18323465237
120.047098814 421.118437594 5.21665608328
258.628535168 223.894040922 5.76029775534
261.587111375 84.7289284731 0.183732945583
71.297455113 363.787530943 2.25987393385
187.556287698 6.39075559388 4.01542287079
40.7153042999 144.519321567 3.66594638344
113.592747437 157.855360997 2.22942311661
139.007790461 148.983877971 0.0629078030553
353.234941412 403.804206507 0.0242818304759
476.985083907 322.788560898 1.72798330753
471.227113643 100.511668166 5.97146775218
58.2401864767 45.3251945184 0.74503201275
352.606965568 469.15141737 1.05964343691
437.878813706 14.531521035 3.58447599598
77.0437656046 244.531584568 4.72032402724
389.139590406 116.099917772 5.67453593686
294.855440797 246.621522773 3.60309370623
215.981050795 170.739833878 2.03065931545
51.5180378595 168.023759328 4.77526844396
435.372119938 445.87780286 3.76124323315
380.175357758 285.058196349 0.615301677414
419.224661056 466.552365774 6.20474111768
258.416627874 499.90176176 2.59383581532
88.7418418978 482.338001176 4.27644732726
484.299479181 445.823550795 4.9191073521
111.831803669 183.317527724 1.88233085473
70.4718331731 337.277971951 0.191894359435
