0 70 80 0.7853981633974483 500 500
184.239065325 35.9108833435 4.54971631262
147.49730799 154.399470176 5.93191947484
204.315584787 6.44078706655 5.84810349431
314.785867121 266.978752028 0.344817293933
361.671799478 387.310648389 1.41816608309
62.7490308357 302.588130749 2.02254159445
154.731280728 305.003096666 2.34517126333
433.234819525 179.881315794 2.55743035121
243.853827152 10.3924444179 3.73932284279
146.773804338 204.305568527 1.31180092851
58.3271087408 499.04292588 5.33352007992
300.984024509 83.704203041 2.82292573987
216.875268521 163.488359624 4.7748853973
27.2923395896 317.458128529 2.76957991939
452.626419972 283.154451604 1.06780373036
180.804226292 74.7718781975 4.2318096092
483.847947814 421.047940058 5.79585288022
316.971909619 392.78533507 2.20788629671
117.712112587 20.0666829609 3.04895175876
69.625981376 49.4849325863 4.14843216312
401.702816379 393.688365062 4.61819988787
81.9365860553 315.538119163 0.566024949791
13.1412232994 174.629552893 0.812048939263
281.777349917 163.765186275 5.46329115924
201.560260207 422.212100803 1.43939184058
224.542987715 58.8003081397 5.78737617174
55.4347597024 446.107177737 6.09363542752
12.5827024061 196.349260686 3.53275049022
168.305655768 391.508482179 1.44915670567
314.202197404 145.451883857 2.45884693709
183.685082219 343.143918546 5.28755129335
279.987527506 53.5983524884 4.29308674075
242.545122795 438.58991453 3.21514423471
141.990914636 45.6022894307 2.53991637672
441.936802015 111.318444449 1.33612383344
75.089031385 430.197406275 1.53332191432
4.45050749005 66.8867787228 2.02037173514
224.843376408 445.061498507 0.218996001379
232.385986146 444.749336496 2.83084447446
171.173810044 339.138512858 1.29708730623
227.156699031 366.362806175 0.891951117591
312.273949406 130.280662624 0.317010469612
325.14786654 79.5029411386 1.8092294634
26.1581886461 139.975321425 1.04457881484
43.3842374784 70.8581516062 1.06686292082
79.9440976482 102.246594243 4.47185761262
81.0947914898 405.61280749 2.08562082987
154.809154293 351.788413228 3.28706668283
261.390673281 232.576478816 6.22200801942
285.023281389 239.297242184 5.83818639847
370.513182979 10.3796192406 3.6447646909
89.4143448445 349.801438802 5.15465169604
240.054329515 39.8973084597 0.87977484393
132.612569191 307.88025001 5.76656967405
460.756303162 445.419484736 1.29281409253
144.121510114 31.3529667583 5.376988102
210.303274498 358.501486396 0.56202062756
26.0210843731 417.708967352 1.85571549655
354.694930762 210.630425161 5.17916656758
419.952566889 313.371191411 0.407624417975
383.783262962 426.119373954 0.129224614092
126.24486312 38.3842288769 0.514710372315
136.811119719 141.243394154 3.04934005988
109.444225434 298.93326104 4.74683591339
468.372403656 45.1247618133 5.68023530474
379.656398894 450.992078839 1.94609317606
235.14290359 470.497330771 5.856015762
166.788131791 280.970225498 3.94010573411
206.770623592 110.574731095 5.990386617
228.420043208 244.423002028 0.736470695094
