0 100 80 0.7853981633974483 500 500
408.556776923 84.2735405688 2.07232364094
276.656336017 334.813180101 1.35395276469
365.631591929 199.400132548 6.12757797837
487.57809083 184.157637485 3.97747341232
169.306519026 177.35272384 3.67210220248
231.220903601 386.058071717 4.39609359653
359.869019892 294.846263917 1.3665682225
485.204799535 452.707172245 2.10192478038
19.5349025792 20.2285979932 0.0878521061999
95.5846471601 425.631893013 5.01054488831
281.777482665 3.29113920084 3.66884723899
185.897329772 189.101890599 4.68519689399
48.8201389988 275.145823957 3.00046376332
185.067753633 106.917953113 6.26791619033
166.570028112 498.054936131 1.12357768197
73.8965589145 393.834941151 1.07117493061
324.926690397 443.615784571 5.64129046931
82.1406179291 165.209529431 5.68026415554
262.916000613 98.309486618 3.06747248578
480.485721205 357.380988377 3.10957456459
411.529640834 131.986199077 5.31742882342
109.437973536 74.8081279891 0.815411148097
164.374612413 53.2494283732 3.98256213888
425.510621839 233.976342101 0.692364421177
372.274873176 287.8072342 0.802673599507
182.003643208 156.323625633 5.7559095324
400.454463126 483.703781881 0.770308770578
172.992960406 361.110687057 0.262666961344
371.105319882 95.2047624306 5.92211558424
467.507723334 356.874984489 3.39735143793
90.1952347244 439.777065274 2.56320110074
61.8612128859 69.925350078 0.111204709328
13.3595921294 20.7911788794 2.87415007852
296.991847571 270.078963421 0.31296466922
28.7778621745 25.183895591 3.56584073928
55.5586329672 57.2685574649 3.71070546118
401.079095307 99.5090652358 5.22006861225
498.820187195 152.368951217 1.38879324876
412.122560188 50.8612390199 0.197766383483
387.620518726 37.8598749889 5.42900967415
184.181446815 415.78567121 0.216460507191
137.33968628 320.557553923 0.902729945837
181.741365955 228.033488973 0.363307086648
294.491683671 316.161581779 2.59590349841
266.779810264 179.875265125 4.24207776875
40.8338470076 152.861416417 6.09063474494
342.693189459 150.232799277 4.28716177529
447.410531415 443.91351753 3.05947200665
83.0500578811 299.537575836 3.33618406258
45.6561787207 52.6554224519 3.87938454897
54.7985029422 479.652294828 5.60778482203
107.173524685 377.999635772 5.41580089196
168.00920093 211.46181396 4.32202022159
156.292637122 427.15447624 2.01076518757
22.8232126091 323.14871966 3.51104526405
51.7649913761 193.301241935 5.65235203018
498.434342517 80.0270431451 5.08630867853
391.014466944 165.51198741 5.33029064318
292.919311673 229.446985172 5.60858312263
143.514883223 13.8923526576 5.80866659438
90.6543029082 248.881847602 2.0570352366
273.965291287 195.482365126 0.433059357312
241.665872441 328.781933107 1.13964461762
130.116292314 403.117228318 0.400295511561
118.926382896 416.883876076 5.63082788174
248.58362221 303.197625973 2.54343237808
341.109645514 222.621337308 0.651265485985
486.211989665 170.358123441 1.03350065873
220.239017422 489.932610995 6.20221908335
148.139474383 275.261206653 3.38703591662
442.113554021 335.471622199 1.51068301377
28.0558353621 287.81979322 1.49096690925
481.434096255 305.156746144 0.761948015202
490.615013728 109.183960724 5.15989016986
221.254776484 421.910045478 3.79475178776
134.388064286 237.717103586 2.23709493871
436.508022927 364.640742417 2.1180037394
53.4765942416 240.571153243 1.7083374299
162.511476257 18.7643046686 1.12307037553
201.287308374 145.784571454 2.67844584672
226.427786752 341.582698901 0.99329821294
80.1904253659 280.85715203 1.30452246852
176.066482425 483.28161481 2.91866587714
197.547122704 216.714420665 1.3187336758
42.669735346 247.565381932 2.5112886259
132.939003444 261.278495143 5.06001841783
178.92092578 197.793701793 1.14856845513
290.293065144 119.527498521 1.02453327181
98.1949753937 289.030829718 5.99964642456
411.94017839 290.389966213 1.11650239784
479.488929344 33.6414495532 3.06078874987
248.272397172 215.26592246 3.9144148546
273.392313253 372.628323525 3.1019838651
71.9331975239 172.82071333 5.09269078971
458.720133597 157.194055312 2.07171935408
486.763520559 95.4208099972 3.72939362717
417.31310392 379.668965725 3.89470467622
146.543690954 206.936218577 6.25692026218
119.082929541 313.447968362 3.10439318202
34.4588546911 371.049066565 0.0781900921719
