0 100 80 0.7853981633974483 500 500
215.927703449 47.731259674 4.69538670426
434.54828782 474.987037729 2.31022601668
147.54221417 391.66523428 0.727128571774
184.997974604 63.8125298743 1.31467540812
292.562873105 383.502413149 1.31294570521
2.49707994204 236.860507677 0.415088287
59.7286025739 194.354246272 0.417317101372
25.0184092211 404.240839953 0.191191043918
33.7771065419 397.731782863 2.2067089796
45.7894598075 1.9770404022 5.73062189386
50.3271594248 436.632637039 1.78200559085
457.818175223 103.856376537 2.98722048174
453.017633763 76.0971547568 0.580057057873
330.811096038 450.787550502 2.02591117588
177.864734524 344.777817206 5.72831950133
418.349636839 107.479236408 1.52331952826
52.5937925516 131.721323791 2.22404923247
265.720192608 189.205915995 3.62298860797
421.082742488 398.958100411 0.988980649397
482.835043254 62.8186949792 0.748954777493
121.594930579 461.600154182 6.18354940995
390.90692613 421.136739814 3.08195905997
335.572615348 41.5484692432 0.0746206378265
259.503396474 359.123852913 2.74407239462
325.5886634 487.196208146 1.49481712044
4.57242367049 484.113225492 2.44710431095
81.1653505454 141.879550436 2.14596808667
229.692546069 7.44198495386 5.33878750959
103.81862513 193.826844709 0.491235712781
318.688618919 272.884410568 6.20176954226
211.077625683 461.209051126 2.49426634186
300.188584354 423.005977104 1.74646086383
108.363068821 398.130394033 0.166627109239
132.751081552 481.485915338 5.17073519569
167.581513234 485.384083324 0.884839777169
172.800549695 262.004758794 1.93118658775
105.187024365 172.151005495 1.92302656359
296.972637105 317.124893576 0.995868433377
226.65320722 197.169719922 1.50942643983
495.36501756 224.718615765 2.07847398508
116.551999259 474.367555058 2.19144836448
224.249541929 119.91781573 5.29722334157
54.0427798396 54.1209833078 0.360848525346
52.8636271348 139.512297041 0.756709285962
390.175858668 269.963826341 5.93170308763
246.166999734 222.660587527 4.48904479996
219.200343075 192.502068443 0.387913133679
133.213371479 476.959599942 3.78095529928
196.664907665 208.242861615 4.33457240824
357.084423655 174.615939995 1.80594554342
308.528663118 77.8572829728 5.63299045812
153.297012924 96.0008771039 2.95219227349
433.145897533 30.42129442 3.44307737103
336.373798205 154.408915072 1.20644083425
487.48516099 111.601629241 0.174479095446
101.44133867 291.173337415 0.440923676845
431.243031992 308.197693777 2.66428122481
292.347400183 271.412075438 5.95931732801
481.933005224 2.28954519507 3.31764691674
24.6398269506 363.435311176 0.142379088442
452.251185295 119.960753106 1.63311125936
476.814915686 370.32882139 2.99665188474
472.983067404 100.89413019 2.42996681473
164.448455664 25.2646846655 3.73971372274
444.080744614 139.477775158 3.79386893713
442.774135054 380.142084092 4.40910559307
270.791054424 117.203377965 0.152747309904
2.55284704538 464.486926642 5.84239213455
337.247998523 437.202709827 4.1768890678
454.606947442 94.1608014065 3.37159535671
292.606298241 60.6336965172 5.14272808797
451.500259858 23.1437399579 1.33262928141
441.744834176 248.540906153 2.0419606529
253.262746008 134.224584008 0.566242651695
237.020191971 303.44689482 3.77950572623
370.758275254 267.117848525 0.265096491387
480.74059401 368.274527559 0.0649303882927
15.6166866616 84.7330480499 6.28301158118
170.023105576 23.7820674786 6.15281953794
472.03455306 5.46492376483 4.83792055953
353.556145146 176.832666684 0.569218614735
118.987097472 272.49457183 0.978513143926
156.759065569 10.82556566 2.29623220016
319.963052245 79.4118547674 0.00362834056907
446.74394109 322.421204008 4.38833132946
131.054862322 47.808902765 3.88245584887
415.38444289 105.451337397 4.59073690492
448.175318692 420.751679927 5.66202177527
476.294441305 229.868932445 4.42257716782
262.502173999 331.19960078 4.93445999101
89.1117461483 148.825538455 6.26716466297
178.524333731 431.718517469 2.9651247922
263.105077069 67.9281877497 0.128103065392
444.6869854 402.532179793 4.85588466011
12.3953612722 82.4636458286 2.12193740989
120.889239368 373.78767165 2.02603921196
129.740681257 262.931962396 3.40240471475
320.053630783 444.638414862 2.40954193934
350.0857727 485.053549258 4.59159663611
249.481144246 152.561479705 6.23453337563
