0 30 80 0.7853981633974483 500 500
129.282134806 435.908100145 2.94733252947
205.944746692 387.945846435 1.99524191129
250.737383706 83.4558190834 0.841975147277
262.460151221 226.634973548 4.09433382086
434.975753259 352.100722225 1.3490020817
441.243521674 290.434918253 2.02236263137
313.29324309 16.5189279403 2.62208794025
35.6869020196 237.291304622 0.0361364472161
487.795633866 51.9096132776 6.1401432555
53.8795856309 19.4571271461 1.35563363957
469.06603553 17.5181641832 5.15817038515
5.39233395804 290.676595417 0.135237233377
80.3180961762 260.79179918 1.59222955805
29.8740645116 213.244098843 1.90044396474
231.640936672 13.3126245516 0.351956560137
115.472934124 314.678481943 3.24831684851
27.1301982373 30.2859439031 0.505937304539
274.677871994 337.282304211 3.67541767264
403.957347841 61.4854967318 2.40716795563
408.513441964 60.4017726272 1.72257032827
337.789127916 8.79775518998 2.43337640284
87.8829966425 91.1481857947 3.64364210331
382.170883663 380.287572652 5.96496421137
60.8158465227 364.739271389 2.92743640228
476.741858144 149.404711698 3.63162004708
407.841134389 357.438439311 0.359739966463
334.896437694 251.678587941 4.59396577885
180.240692533 364.395590707 1.9740004753
310.746594729 62.7319753874 0.467474532746
498.606308377 484.319566263 0.167614097384
