0 50 80 0.7853981633974483 500 500
354.749425954 114.189597049 5.11228689733
482.526587786 437.971475178 5.64627965884
212.763097579 322.264620762 2.55944219972
54.535363807 440.144491333 0.0029740877013
438.902833184 219.981582449 4.22869356756
432.455758651 437.558645815 4.93727466105
286.888348853 454.530049305 0.466368106984
434.081581797 235.240111074 1.6727307415
384.562518425 445.541311728 1.19229395874
324.555470338 337.468854275 0.414821244324
220.95670452 145.810279685 4.23199493772
73.2101517124 53.4014367918 2.1812290454
65.5611451762 222.086773974 1.90536116773
41.2060608062 260.279631033 2.46595417863
54.282786697 243.570062649 3.39923283788
228.597853839 385.130062957 3.35518617065
176.030859618 1.08369978319 1.80492794604
73.6309640241 423.059503168 6.2473098203
230.761373292 490.815468947 0.967781531566
469.829017849 203.382092459 5.09726286781
133.866471694 306.923152594 4.44941101385
223.705393427 160.552610705 2.88165498844
289.940177257 74.6784729041 2.67925125882
98.1613882152 235.633824818 6.1738331051
28.604906851 46.1474186347 1.40283307763
9.52403248643 276.979463411 1.14764151619
65.4772937824 43.0922575434 5.96925899933
275.080829274 123.780068475 3.69128347747
290.946909395 497.509216647 2.91333097049
5.57083589289 85.5334777525 5.84594505412
444.29458735 271.300396626 0.89003322319
239.766107976 99.9035383141 1.09213368259
124.336692489 44.9135721142 1.51212281719
294.064443541 68.1384458672 4.75302394887
108.326184627 299.772543325 0.467186049877
132.600473739 21.6874610278 5.12375723472
143.779650012 171.435629177 0.612571132803
400.652368203 239.624251297 4.85145839623
77.1109364662 236.413234799 2.17403504136
104.710365912 329.306019357 0.293346298962
448.618731565 294.717883481 0.998031900703
260.414333991 240.179261788 1.81019526988
167.424530432 78.1617039082 0.13047609538
397.651620536 346.333969025 4.25242134946
489.943410708 35.6077348776 4.75157651939
226.621636566 350.067969029 1.87602344342
488.356053806 333.876145873 6.13007431935
498.71861201 313.134252555 1.15258993138
17.4060196636 410.445897998 0.531509548214
46.8956633646 343.685829934 1.03133806164
