0 30 80 0.7853981633974483 500 500
368.803753091 43.755476835 5.52734286004
266.678900499 16.7537827969 0.204089452356
362.95299325 388.539496634 1.3578544088
328.089903362 351.326585136 0.663644748634
464.084591565 34.1696798002 5.47551068952
158.812097372 52.965347234 1.45230745465
414.026542768 228.185873341 3.07311229232
162.681691829 424.846040614 2.95760091133
484.980291703 212.326261281 1.92656929246
97.9308111352 55.5278897949 1.71952806568
69.1187138128 447.610756485 2.78835398703
45.7747474895 349.717732153 2.04935669596
39.9529118545 173.111538704 0.164027984022
46.0640899367 105.145475786 5.68790539848
24.8634544866 322.605415002 4.68587347451
226.708595419 437.730036778 3.56647942021
32.2821572113 4.38693925498 4.9995967074
324.533740644 309.748455887 3.62431891093
97.793289301 184.289677096 5.6436630158
86.8547128106 135.707758943 1.77983646826
71.9334848095 159.189975696 3.7295377687
489.345109262 86.7320519643 5.85283763321
168.811194107 114.140279832 3.27097171773
457.858027802 450.39489373 5.809722856
387.335707327 286.41340887 0.976002505448
153.266642605 135.549471802 2.32534961422
495.351997105 275.844287076 3.5201257793
457.361057262 52.9617643821 4.79692446877
409.259789068 246.29117739 0.15876693153
473.485847629 407.023157727 3.68030999715
