0 70 80 0.7853981633974483 500 500
277.713401673 282.611756599 5.28702339712
317.124570178 5.31804906761 1.57058748552
78.7069223399 196.803839588 2.20275461695
385.981524876 67.9606799757 6.03811802507
403.352513285 417.972364408 1.14090682369
496.078813721 462.346353652 2.44888753871
60.187197849 251.810996711 5.88951265874
48.1961103164 85.5482391647 1.97639500659
315.597627222 454.192574835 5.8169733691
400.936466336 372.292679815 1.70866136462
278.034178549 290.91126241 1.05236433192
278.598829315 99.7454666408 5.83952834603
368.30206483 73.9037116055 5.74692735157
285.573246142 430.588773499 5.52439562731
409.276863891 23.297334844 5.22558359462
131.861715786 87.7528778902 1.01119386484
469.492952853 114.45778199 2.8094782757
352.297475504 192.720078224 5.59642328266
31.0261599968 449.915763725 2.6151209996
147.783889997 56.1182487859 5.82140075433
103.814585719 99.4583433927 0.37809001027
73.5891878943 369.992310169 4.13534036239
391.391804227 421.194385797 0.258670598541
431.367308564 230.552187775 1.82439815594
369.664845507 63.0157042857 5.07939183552
288.063189465 497.484894872 6.20424428777
93.34950967 82.55242158 0.806382026998
341.461712831 261.120243215 3.25147624824
8.36814087423 456.653961489 5.71386976828
319.942312041 439.667826741 1.21207459851
472.924732519 349.759394761 0.295341818718
423.223819628 9.11260157324 4.19947123864
175.279128141 344.284814084 5.98778150801
229.489580845 122.255203348 1.30615718776
463.613778323 23.3199169272 1.02386390466
352.861460453 192.08731902 5.34315682272
287.331137898 451.808270634 0.43356918236
31.7856500621 45.2950164165 6.09696284366
240.714508271 45.0240166298 1.52467899044
219.928076116 49.7384790175 3.83296625097
292.768027808 81.0015241773 3.94656523654
72.5726921132 139.617268113 0.742207718846
335.222506154 433.180830616 3.90908147129
366.406957591 273.895435666 3.64457159632
175.217985156 161.243837574 5.39062543912
82.8030049382 472.749758676 3.41679308506
317.227923295 361.841760788 5.10893779251
41.210404758 10.782928927 5.33256847673
198.917256793 488.734006716 2.08624292825
221.35147646 288.770575914 4.44155228542
391.76030591 491.696310566 0.796134484625
106.645074922 162.761359335 1.11298447279
174.012731397 400.744219082 0.167153557856
456.162642194 153.017781221 5.06091614309
368.064795525 86.2999102766 0.529770637684
166.575957725 71.0485770914 3.93276217362
473.524714875 458.963136778 4.29700020828
133.236287322 39.2440319734 0.359389152933
63.6155707656 361.215006726 6.06009370375
435.763790454 335.571965046 4.8385129344
468.860450156 142.456278249 4.20008944916
425.072473951 146.119889974 3.99188545425
320.068932695 431.662420134 2.58462454908
17.234750445 392.991679587 1.42640545461
315.301419371 284.619940963 4.61308660451
340.89945312 278.154919911 3.66205483305
200.663927547 236.881449885 5.54185363993
36.8536069088 441.207525344 4.96535259411
471.364145977 172.280400263 6.12005827156
222.70857232 344.971510957 5.9411265232
