0 30 80 0.7853981633974483 500 500
462.159901882 125.133016087 0.104430523817
257.327923812 102.951226971 1.30277730141
431.623695626 156.542052329 5.15847726201
473.28307093 158.491996408 4.57188351568
383.99447445 176.339230393 3.48398067166
425.048676288 308.283172791 4.21896800889
468.908372417 307.877294851 1.31019974268
144.932380858 259.286667965 0.694860980102
349.456269261 138.200037001 5.5105282167
448.944885719 198.57655608 5.92801264995
187.173386243 26.7176133922 0.861168408892
484.853119076 219.781443773 1.21420351465
196.510035103 30.5384376259 2.85550825091
388.062079223 282.403187079 5.69734226464
489.753416914 442.988401972 4.53613878601
336.494522893 398.058757954 0.0893461131268
320.06993952 162.812181525 5.48346628779
11.5162324053 40.8828174074 2.46527599263
2.09567453166 216.626555012 3.31472400323
139.787333086 343.429416827 4.25966660208
86.8196068983 425.623166932 5.244946812
56.0102200648 394.973216535 5.47206099993
294.21055447 65.568791944 4.1559948053
405.632036835 337.171322376 2.0961922176
257.352816326 114.415979282 3.76714633193
75.7129858052 227.976848862 5.84335156063
444.966682527 229.100973637 3.70547699403
243.819299749 375.782173272 0.221462895641
95.7410038715 407.904582995 5.04388963055
331.223498401 401.74947688 4.48993795566
