0 30 80 0.7853981633974483 500 500
101.272940785 213.619684617 3.72338055008
8.48156923854 467.55570591 3.62239309906
167.057485851 277.910595055 2.41447161903
157.360260659 310.870587567 0.982867688529
108.598947702 397.204741783 1.3797724934
355.169784878 79.746290326 5.56847913404
447.674807771 208.965756684 1.52082292301
310.722907806 360.87910515 2.72317697392
242.668474421 259.476901283 2.66405723832
30.384260277 23.7378261935 1.63993865569
221.770945206 459.657239267 3.25547409806
2.47757541253 265.242228328 4.76589002285
243.417843048 277.640741499 0.792141326809
182.395479537 85.4323806663 3.18230557657
406.776962504 222.573900573 0.527433714349
329.83116825 67.861006385 3.24201551903
148.303823601 67.933237643 1.56755028904
452.832669377 286.581627101 5.86947287284
243.067813036 442.854110967 6.1454595791
185.574133203 372.883865452 3.93301547861
104.11696887 313.866716868 5.72692596854
326.863430129 115.361870178 2.24523916007
157.98168477 110.860907916 5.58642888264
483.004467 7.89842557527 1.19216268658
263.148543984 53.7975007364 4.89397623352
341.236216275 142.866694286 1.18198198311
457.855148542 43.049793161 3.5917492018
114.471942827 118.805242069 5.30466916939
485.860120715 368.561887357 2.69139479883
475.383442338 119.448548167 1.61649358212
