0 50 80 0.7853981633974483 500 500
96.0887332923 462.190371109 0.436359639385
78.9217335945 54.0660910427 2.43931409953
360.265548955 331.347686339 2.89760936357
256.809410268 396.733635168 0.480732723341
402.582076381 92.1023679052 2.0952241084
411.893823557 44.3283270372 5.48619004943
76.4276913289 32.1571331668 5.7921247751
401.214533451 330.104913216 5.29033042088
40.7768214331 310.638338928 2.28608927543
6.41402716021 65.4239070456 5.37886328553
249.217347329 359.267328628 5.34603714192
369.84999759 260.843887307 2.06199697572
137.202125485 182.694245137 4.53305958055
107.265870376 492.37085956 0.856095372185
320.409388861 210.74778913 3.9390066714
212.361655982 205.016623765 1.00043400447
121.229695422 311.636087081 6.12089031669
176.706195069 228.422480877 1.70236196284
483.494063882 23.9145128649 5.0757002572
201.660238672 404.15636264 5.17396139141
223.227102294 371.416435092 2.91750801766
427.425051748 180.229938714 2.66189588419
71.7535724117 381.024627547 1.83374006905
395.912051481 137.996151705 1.88906287503
164.531195839 296.140740034 2.13088192374
131.429299443 369.721630762 1.40115006562
463.63074222 379.018360383 4.62970615944
381.365143975 477.799603391 3.56259563065
414.261667911 293.345749324 0.0465480290484
92.356673592 446.670075228 3.05603511999
110.246318782 310.455141624 5.63937890418
401.196588451 348.701507656 1.5349424475
406.741780834 499.30676242 2.87848636618
317.992873983 130.20320089 4.50038998872
184.874955301 132.758387102 3.82694867589
123.876574443 195.948722377 0.911062412283
340.733570724 5.41070259286 3.53078003745
183.917294026 182.953586173 5.86355672397
254.328775466 62.3082225509 0.687278799201
173.473164979 294.489470078 5.96107557549
37.2799282855 263.38222686 3.72150298034
385.977736573 228.017209399 0.43182646812
252.668276603 5.26534289679 3.26615537779
170.558429042 399.245990143 5.47093080701
265.699235212 352.056114634 1.33442705936
156.999972911 405.860813337 4.82684698016
159.526653593 431.518204116 0.754881845601
468.663308866 327.056818722 0.864720258725
190.667556464 8.64118017591 5.74529658727
121.571129547 124.742794945 5.57767839865
