0 30 80 0.7853981633974483 500 500
8.79086697684 422.957949402 1.84106255676
34.814428808 432.967270726 4.33986349183
23.5721167408 477.091857611 0.951733163148
9.31669207898 206.462884552 0.134923386649
13.2172850163 206.157163709 3.92592628254
411.489618062 73.1655004196 4.94478515474
453.573150073 462.585470346 3.85225007652
141.512730477 391.438582856 3.40302365166
362.736078121 348.609254214 3.31592824036
480.493677289 416.54502196 1.34202308117
359.888845202 307.178434295 6.13508354662
348.579120201 99.6781644094 4.91890897897
330.127187067 187.796879706 1.90860473839
43.2554177421 231.74173124 6.16646920465
455.593247804 497.574543369 2.10131358131
31.1405823 211.195684403 4.38450532284
132.003673084 270.16549062 2.88083011806
59.7838243461 69.8523662834 3.53460622103
178.611501967 23.0536115513 1.00350445349
131.742451007 419.384413065 0.376766764881
264.962861558 284.5271506 4.26752951453
486.19081704 483.088339099 0.682595315009
220.845204985 209.777477126 5.01388827592
139.792028279 270.606294194 3.56743331619
362.114928251 214.389705393 3.15617590887
144.992827636 326.169287614 1.29982925824
91.4061091412 76.7878234253 0.520268503905
208.309809613 179.542085707 4.38440368806
145.99963612 144.721269274 4.26770574088
285.295132695 362.495399397 4.3426467443
