0 60 80 0.7853981633974483 500 500
315.728243812 462.437784067 5.29255682858
324.768818426 264.009310838 0.731821127352
59.1455530304 445.336851077 0.208443355475
18.3554231185 408.024698942 0.50944913859
137.539862124 120.898513598 3.15189918731
36.6337029427 399.14248239 0.123787584293
256.813833984 324.816980164 3.78608678624
294.854399853 454.705181616 0.0367104023855
293.716414791 227.772672264 2.12896849294
136.771016489 491.437288783 3.76772889612
135.329686249 123.85408884 4.50573690626
163.948425252 266.502062611 2.76203214795
437.086635926 218.371183469 4.04554980868
284.818153392 371.873306727 0.209547487839
381.175760939 462.994072092 0.800958573451
236.898894973 137.329651483 4.36756720524
357.958407083 117.719516689 0.344263872091
383.081277173 228.96510501 2.20528913079
229.170767958 392.429994883 6.05772595999
304.2584357 73.745500856 4.6685446889
479.760718315 259.855786213 1.06564020297
440.895082936 226.847412589 5.1688573312
109.203935631 61.8642671566 5.15769700085
460.600383182 30.2869778962 2.80717747385
106.120831975 466.000196931 3.74526394637
53.4728054551 84.2829194443 4.50200746312
81.1231836608 191.403907653 5.37828674659
267.020459145 361.61734797 0.100171804509
406.748407794 277.069479367 2.46988472876
373.330374317 283.963665586 5.48211186682
463.050330431 166.165019037 5.66350576505
110.893694952 24.7722022808 1.03743825218
338.949619583 472.2048831 0.814365102533
288.192827297 369.310455157 5.71696860247
308.477342525 261.090912007 0.398557491525
91.4488343469 217.733777357 4.46612026175
17.7820331941 327.545220116 4.95793922671
372.120581407 92.3216733993 0.101245342391
44.7880451653 263.427808289 1.14862840739
282.98119538 119.966045563 2.08299454261
299.210592868 441.831118892 3.73837039646
290.271120563 275.215681749 0.722506919317
300.520186394 359.846790209 3.88270830348
473.998377966 334.674587839 4.12932658391
39.8310573967 166.301834303 0.00301137987454
133.735118607 393.652064681 0.162122870043
339.248144781 76.927040537 1.14435258865
197.630152742 120.154018051 1.12737826045
499.633147432 226.7352896 4.04214710505
254.590561393 230.123617171 2.03586413132
356.350565999 157.362049732 1.08773377593
481.972732666 285.719258241 1.81448634387
316.434338743 235.253396073 3.22429583536
6.99861918181 34.7336773548 4.58719103629
136.802394528 295.220192386 3.74223202557
91.8265132652 336.458624991 1.55811966985
0.656452612331 98.7528334066 0.715646466603
185.604924021 38.5292976487 5.17530736775
490.332166805 374.005441218 1.9483474778
292.99577729 83.8377891244 2.51401631979
