0 70 80 0.7853981633974483 500 500
451.684786084 220.398461029 3.76237878981
386.694515166 366.395147371 0.478599430139
141.227725141 240.18948033 1.29130227808
413.321943532 469.265260165 4.88733939972
202.855828206 401.267089764 4.97812153288
19.0284769727 425.528787914 2.58962577298
164.703730267 65.5149845775 1.10131113683
122.132508336 11.8814324679 1.44357686266
265.656655181 241.527506853 0.778747593868
80.9363126018 82.7676149445 2.75215668754
428.743753657 24.7274605878 4.64940357998
118.974134743 45.3541432848 0.536888627749
27.0880525755 451.725170367 3.72057065217
35.2394271443 10.934030171 2.99573788124
189.430657159 291.08511017 1.50496849193
186.934851157 155.329942192 3.88193821921
131.885447224 162.111510641 5.58965681156
74.2210745337 487.011578912 0.736813373734
198.167285766 128.268901872 3.47062552129
214.165515353 291.534606502 3.5193932119
236.979960386 217.481316454 5.37278668375
475.625655882 214.651910875 1.18150163332
314.554285493 466.465024732 0.385723856672
366.071666949 354.510697403 5.87541950859
108.369738781 245.877769839 2.29360831956
254.524391151 22.820927099 0.153543236572
57.6418318572 404.123647536 0.494270691764
83.118095545 246.495298167 1.44745079489
300.850990475 341.008795704 1.49863360176
465.14110262 200.323831229 4.17010046227
399.768049249 406.842076569 2.24431030334
465.034748125 329.85427284 6.01375530055
87.7600559265 124.058905405 1.63553032232
156.208079375 192.195616926 5.8650738993
473.263670694 5.72649592118 2.2378276829
269.415082172 187.244256851 6.02355200381
146.372078281 366.548939309 0.273615887506
81.0966835337 302.952775254 1.41441259234
288.631663886 272.994037319 5.97076981789
97.3779330945 328.738407192 0.8870982676
165.82766219 390.919067842 4.76393912448
157.68277349 158.034865005 5.99109955193
122.229239126 479.666712537 3.576013288
218.434325984 15.2158461917 3.0572253266
42.6122814252 468.563406327 2.48788516126
76.4295082053 121.141576276 6.258339813
57.3888359793 8.58603373001 3.56017774174
355.691713296 111.108298072 2.41198903902
239.06848259 228.032907713 0.720248221003
235.81701438 174.102744915 6.2055901172
71.781956933 39.6434727108 1.76262380448
322.932950206 225.273266923 1.169601341
2.86108497482 25.4990089016 4.1963168328
280.380828571 3.21184924396 0.806817663304
485.111170154 82.0977915025 5.4090261486
427.825997141 112.563535323 4.66238293077
234.797840301 242.437425303 5.92422123111
99.3510381328 426.946004819 0.819241674539
330.901137296 280.969392396 3.87328419149
239.811404143 392.966290808 2.42709453398
136.012968935 58.7926734907 3.1294538075
199.116280951 323.910183566 3.31313524345
209.602834423 29.262493256 1.01819405314
423.609062962 400.489468907 1.28396870002
333.741634411 229.204344887 2.04475014595
353.910776425 249.167453342 6.07464973332
415.957995988 332.310667847 4.94511832628
490.620704932 377.942488954 2.34355367536
459.669823028 422.93825798 1.36806361215
473.097472612 233.951293458 4.23916653467
