0 90 80 0.7853981633974483 500 500
448.556941107 469.228181329 0.990630064665
203.271429376 181.77900019 3.06517569348
100.46831341 34.9009001448 3.82888514711
31.337581237 356.783005951 3.06675007021
234.506822879 1.52362374545 0.756637189861
310.63061227 453.435554656 2.44964478318
106.582385255 359.480757358 0.0137465460563
225.079451711 86.8205918401 4.44150106452
73.2289817419 111.930914924 5.01298333292
24.6785539653 287.558840601 2.32057713106
55.6528488009 226.469202792 5.80537584061
211.872238025 166.883854933 0.74873384277
397.108377148 401.221373141 1.29496888177
40.4693443791 359.321060898 5.61701023852
83.2004636808 425.780027069 5.18661584624
77.7472167595 338.533670593 4.49639458812
46.0535928841 37.9305132371 4.55756323923
137.17108423 80.1964417312 0.618667100685
207.186156938 95.9452149085 5.21454105485
63.1568488295 85.1495551815 0.749415208274
4.23223706093 233.789078965 5.94776648601
61.5332324306 413.703779878 2.71759230572
371.868954187 20.0161741283 1.24999298083
128.299482415 68.7918063339 0.505969730545
110.023695061 33.5001323262 4.3251804608
170.874721296 79.4163283489 3.64375507659
3.78137681297 123.093429102 3.47860460202
168.837960186 107.316838561 0.277906325624
76.2629273303 13.4524722918 0.226735698901
230.712492416 207.28572845 6.27205943152
98.3695835548 57.9349457306 4.73765055457
99.580758601 6.42743167503 1.73287882441
13.4941825805 224.253950052 3.3415044222
362.525236517 446.109809444 3.03143066465
149.142284378 1.80733517612 2.66943332066
68.8798529243 86.4416527929 3.97593176111
53.386629194 101.998068721 4.44841781412
407.412920075 75.5556820865 5.5015300324
62.3268761087 408.328800017 4.17385361366
57.6611557274 197.719887945 5.59750693118
27.9390613528 255.136933907 1.48457355325
221.712306573 298.800096593 3.45487023832
319.717557131 136.324822574 4.59087463681
40.8694342002 273.3719007 1.72664502134
456.034939877 89.5959981583 4.97040423759
50.5813611291 74.2401368971 6.12516860613
27.1920210723 86.8196608329 1.60923754485
146.559798338 187.328143143 0.996875422606
242.716815362 342.253528735 0.371090573747
124.735610848 71.0652122019 2.66017240526
362.080279047 25.5090597032 1.59135609883
446.228866797 208.670991096 2.06603835666
72.025513643 361.288811165 3.08855117274
403.595473245 166.5030958 5.89009005848
72.7500440093 302.186643343 2.84639047572
70.8124591031 5.93427575336 0.574359567178
42.6232799909 401.966405754 4.38058156086
95.7193469962 84.0381199988 4.30026590138
317.66716674 307.806726621 0.419145356121
135.784572902 467.036191762 5.61629557866
454.334536698 97.464388695 2.09598420406
30.5252635697 125.27745983 3.3434251128
150.485483108 346.840869585 4.62446705025
253.771754959 192.612125339 4.24843364012
48.550119282 52.8480897501 3.9736570692
64.1138423292 169.783564426 4.10266209231
161.46123637 329.652133999 2.20397884509
289.312525319 30.3355925371 0.636854382027
146.159754758 88.6556171494 3.97824984422
256.144745296 36.2103967707 4.16220082193
238.170301413 146.605667722 1.3244044278
35.7178471351 169.725435918 3.47178943994
42.4386453847 223.378752392 1.21219540901
206.093249615 287.151157717 0.00484296246908
117.177557301 98.1826341521 2.79417477822
456.579986428 67.3200052797 1.32750790287
188.085052326 62.4894456888 5.6940018783
359.884783637 97.6013852139 5.1672687136
90.0361003884 221.530699583 4.31245371571
222.875801462 131.454910343 1.33084121862
154.059279365 329.608145327 2.07496787107
14.4952803971 241.564949247 4.05398351617
12.0771331007 173.067500126 5.30524145939
16.0290080404 376.369042729 4.22812197505
388.791302249 231.939936911 4.68151179476
299.041252302 159.167991356 3.27034788189
8.00067834541 28.1644406826 0.591744398138
3.42459402822 408.836640493 5.95584235547
188.940823637 5.50449598256 5.05264510178
58.9340720141 284.43844882 0.4543700362
