0 70 80 0.7853981633974483 500 500
214.347751896 152.63420811 5.31825762619
317.454003912 18.1802768818 1.57264669953
490.440683266 140.513438726 3.78314317385
160.960912085 12.4839231142 5.16319777972
100.083495548 104.878527654 4.29688085964
19.0830482677 361.309751115 5.65725961702
475.032959393 96.6435226714 4.306855444
147.20283181 225.101595052 5.70364258372
82.3376518807 173.776446835 0.398776126013
5.81100837277 184.468425449 3.88524799418
121.384359247 256.356726238 0.923331744059
325.52358339 33.056602571 3.80352345099
342.451704569 217.996088768 3.49304566846
203.050962754 37.0518428138 1.25130338316
66.042667943 40.5828072282 1.49565388675
150.680221793 91.0935026466 5.15433267907
164.544730894 99.1528729014 0.946200670843
360.869631589 92.7062992398 0.968505659607
345.116917085 73.9621600365 5.49391485522
284.958650789 173.233913485 3.80206929321
377.898036427 357.432754136 5.78705487235
9.76160943386 364.738204515 2.10232350544
423.359302514 343.869019985 0.109051861169
318.26747892 228.360419822 4.61415934756
147.73851255 111.538304469 3.68135939647
476.440375993 413.063100489 4.13297513338
285.71689222 75.9038249363 1.8466518024
375.565129997 21.3691959656 6.14640501223
131.341472772 50.058770285 0.867867140673
168.654324218 112.815287797 0.824516302753
420.326240065 476.377744906 3.69573500783
185.264686764 169.647590621 2.86708691253
105.759778471 332.007443462 1.54295323913
49.9179172689 239.941871564 0.20678695773
279.428512675 312.84313377 3.73722979389
158.410409339 461.815971749 4.41436459856
126.553799154 366.668890791 0.975450756501
201.896557439 252.054860264 2.84023933468
3.2821345885 44.7867175654 2.73091434227
2.29610285071 216.180414286 6.21203910793
322.324974145 494.068998281 2.16859674869
64.2648316631 233.679528841 4.89653806338
35.3588406631 362.778340892 5.81548555362
13.0153449285 135.596318582 1.46174965598
418.304866475 282.69391967 1.69988581635
396.3866259 168.722528316 0.390963214344
69.9005983095 192.115739104 4.21454434379
366.148540538 404.480537974 5.19594974319
266.096255233 84.4253984064 4.86652622284
370.322849316 272.549267915 1.95941753461
277.448185714 112.312672259 1.51243162551
62.8895141876 83.2694691034 5.43233934353
104.860854848 41.974060876 2.33960343262
250.324390682 76.7184873575 0.31878190316
40.3056574812 8.61995614316 1.19320855233
43.0980846024 112.370842204 5.75425002098
188.430597621 278.892878365 5.31409153078
486.144972838 192.823224736 1.42945753182
442.16628793 214.669899475 2.60865679514
233.661236965 25.0315421533 4.33809279522
222.341876095 105.860885937 2.02722206647
99.7779511336 166.407187178 3.28150830451
159.646185845 49.5007429454 6.11178720287
5.0771406668 282.11787455 0.451893560421
96.3957451256 291.038646426 0.466231437041
477.555443687 65.952199269 5.99542139335
10.641474543 51.329922285 5.98028537903
271.457096676 467.544479249 5.37127970346
164.289357993 177.311199436 5.58891978639
31.0952540627 154.555969711 1.432054631
