0 40 80 0.7853981633974483 500 500
85.2169084201 312.63805008 4.39139755173
43.9806084359 79.4386611431 1.02530419888
96.168369386 159.887770195 5.69281378097
134.353342514 301.056881174 0.0807254001765
2.23393834791 157.726889008 1.02341892147
8.7860071635 148.795639644 3.33924467132
262.348108872 95.7635082585 4.82166548356
133.304420849 362.926126101 0.555685739151
26.2066446623 178.403480258 3.86273914931
385.965135633 253.652646501 2.27399649749
283.563383966 99.1584692598 5.63646392675
129.491744519 46.4098017179 2.00202314627
120.534762404 41.7530911762 2.94101205206
335.006958276 199.463686751 4.87989693892
398.241333892 164.563994215 3.14366037825
276.389884022 74.6716583152 1.1595746731
150.416712428 173.019930004 2.0609929695
0.405760750825 99.9576232101 0.628663268898
41.8112411816 387.989893488 3.42609091979
83.4236163867 350.770113768 5.5462987511
10.5865533323 450.481352365 4.07963326194
36.7663675913 212.760567948 0.393444411088
275.804497343 83.617882063 2.04009290146
269.151795203 133.635112916 5.29472757713
57.8259449624 20.5045044444 3.65684253826
204.476559693 23.6889158148 0.9284877795
114.122716548 6.1738472319 0.903328302872
124.818325037 409.678648677 3.58170497254
204.016572997 220.93829862 4.58904603665
186.061479713 24.314285013 4.70538853306
117.678646719 192.903713026 4.08752084609
11.6699361436 433.694759121 1.88991242305
139.600211636 245.690622848 1.69677105595
53.9995948495 230.956443298 1.3716695327
184.190875169 82.5815104208 5.16454835231
194.591147208 98.3370994128 1.8284625863
277.213938676 21.6759721094 5.36701189513
63.9478542197 20.1397209033 3.76383213755
7.27913620452 124.958732006 0.82166517836
59.5768251082 123.541050513 5.87185811832
