0 100 80 0.7853981633974483 500 500
462.183603941 261.606110248 4.358951153
134.400338691 93.426777228 0.203909427434
44.500171718 131.61984013 3.20450001371
445.976969825 476.294692025 4.55407787818
247.636070385 147.439461242 1.26386306253
28.9157045023 59.5700562172 0.0659193052146
186.078138983 402.37434196 1.74224631157
57.2337975449 436.535531855 4.28192117343
195.528929831 14.585817359 0.774179755071
320.706647119 177.557771948 1.32038923954
135.109819996 149.658680819 0.423471148319
313.144181343 28.5530046897 1.92981835714
463.346426781 125.282657053 6.06412264147
144.126637663 237.823061724 1.15121434395
430.708379479 198.393524302 2.81596071577
211.219652087 491.641119408 0.515369043463
17.8399093276 192.528850082 2.75992985965
229.659359197 193.129971996 2.74092563411
79.6082520435 215.328239592 0.364178344486
6.95648780781 67.7735692533 4.7956246408
307.096748578 37.0410727354 2.64972043556
404.011303673 293.68447022 3.91379809323
212.049155373 211.758792424 6.14521722618
111.409012413 16.8916645078 4.86426335116
191.108247104 233.105475786 5.91772384489
132.136447769 30.1506553612 1.50051041004
363.02013165 299.11051952 4.16781087613
108.597150062 365.784361363 0.456037697616
181.139731044 401.683833214 5.87854658534
42.0268527056 147.266600839 3.6850003957
417.938943414 199.893801698 4.48864994806
139.309370849 168.032600024 1.73829302971
456.113717113 49.5100727013 4.17296799505
22.2190752916 36.1352534657 2.72667811272
151.706584133 60.4440555891 1.60313398233
194.06899951 179.570735215 5.07986995608
121.215352645 26.1257916434 2.77182592817
14.9128302564 93.3609317374 1.18014094431
399.680229336 290.104859882 5.24773055197
9.68777946525 219.557167735 3.27403128507
421.105277137 26.7880286196 3.64420618545
325.66805449 112.145392012 2.39116162694
177.406569289 37.2156176672 5.12019770507
19.7673654126 360.117083417 3.62329177539
33.3798445931 63.5099108506 1.21198938023
229.550573146 162.34663947 1.26645399516
116.05277239 223.812542045 2.79132832113
13.7392040865 209.575211015 4.39370860192
95.2843571351 54.3875324609 4.09765615193
203.355903271 4.5413479118 5.34069116884
396.320457063 96.0301031211 2.53924851447
298.116860355 98.8401486542 1.80688499049
201.114390293 11.2501434974 5.20323647858
100.82731634 369.036835616 4.18391633803
198.178824079 46.5445135988 2.1159322737
430.838473945 6.93812595057 1.93089656163
150.819801653 7.02525067543 3.38772496899
6.55061583422 43.703448815 3.83836094146
464.5345347 31.7591184482 5.75416194277
492.819539955 21.1075659891 2.49307240853
234.682757807 108.605097666 2.39122820603
230.618643199 123.257585379 3.42175273688
145.676115471 5.37895061925 4.23290135707
147.408897784 378.044812296 4.76270905089
5.90597703249 390.526816567 5.70397451822
124.921214196 47.1780544944 5.42799660249
94.5544452524 164.755328355 1.64417414698
68.3609753174 452.637797063 3.42927107877
14.7618761296 3.36382453846 1.81361423879
38.3159641728 45.9203841428 4.46041733164
499.659990832 3.18147913102 2.34986132489
455.228849812 224.820652643 0.328578412509
105.731715859 238.357979256 1.3496106304
439.552978218 341.51200741 1.86173331744
77.1415811701 174.477115957 5.60419637027
259.128960368 6.35112091904 0.993520479372
249.176324305 92.9343306276 4.36391416204
181.054759655 10.2268612026 1.70249818591
212.854902501 3.09905585095 1.44881317033
8.86232809279 261.692524646 2.32305151495
242.582378948 22.597723014 4.39775808311
78.4259058722 76.3465809029 2.48226510243
175.510380284 51.002263564 0.141149539044
33.7240628738 245.28311024 2.62559170403
42.1078660122 77.9408607813 0.0275468689591
122.423196789 61.8276292322 2.73228273489
402.653931485 25.6166696055 6.22883412631
139.093734966 25.5715408854 4.27113788228
129.336768415 412.808725871 0.975294870453
445.929438647 28.5010408701 3.20050260918
160.211549048 8.35750056339 0.347983779144
17.1638442353 328.420471068 1.76915388824
101.84505139 46.5687666643 3.61661368679
108.869415677 83.7928662514 1.30196024096
355.088450183 31.9795466741 0.255414772484
406.723381342 407.627821833 2.54051531282
375.541009707 117.552263358 3.12551688248
297.373547054 27.3900431283 1.13963067768
356.057662361 18.4373850334 2.79265185846
42.0403367531 77.619396871 3.78674109687
