0 100 80 0.7853981633974483 500 500
331.393109676 265.839339017 1.7870928324
167.889928245 403.133038377 6.26677303279
327.959618241 110.956051687 5.37870902775
267.325461477 128.745981338 3.47146703121
118.920720572 178.205732594 1.9269106828
125.739121184 160.481722419 3.59643292123
120.285263091 342.922261177 3.27590049708
59.9309127837 147.48243778 0.94645874996
90.2506183763 301.020085284 0.438642778357
140.959789186 224.77133235 0.154052429069
224.000724671 352.759613643 0.77775707546
17.7189217345 99.0264059156 5.19343451549
57.580243371 99.6153343457 1.81422639924
64.3318121644 146.737698997 3.83665289587
171.721746691 297.8468548 0.338443326547
310.940251618 284.515360113 3.96144157479
221.974293851 69.6811330483 1.35183898223
161.582632673 88.1407901273 3.11420277333
155.86982521 36.8216298926 1.19991262434
194.585642986 210.142805054 1.27561563682
474.330626577 12.5843166727 0.479380878988
231.245108818 370.018802853 5.2365807013
86.6428530993 357.49249563 5.31900620122
106.369373301 84.7579771219 2.5774064455
371.664812207 1.71411178075 2.66164016942
22.3802142042 89.2825413462 4.64121616008
197.106828986 6.94452904882 3.76497744358
67.1105844462 403.774694336 5.23843905806
32.2157615044 64.5378175523 5.20894003292
78.9791083031 390.053146177 3.84644720852
151.1602212 334.209464537 5.26290591032
27.7734138817 160.597940862 2.79968184699
174.543068488 85.2919388692 6.20150261253
178.220981049 364.630657911 6.08151173246
1.97395893342 63.2078613699 0.851652548504
7.59603309469 103.725253993 2.87088366635
247.315928884 37.8406893638 5.62880474391
131.816064307 248.283742173 4.49175821018
229.739635181 111.843072505 0.27574257888
114.699409732 115.821453852 3.13698621681
30.8078680919 349.515890024 0.767127571482
401.217580887 66.0464849 1.92492669208
67.322751577 256.335290698 4.05491500369
85.063548926 155.328259841 3.99967079349
146.301568953 211.367622987 1.66522614521
233.376185887 166.645238947 0.160161330008
360.402862245 310.759460889 5.89941758906
104.270631166 136.028828194 0.491081058092
204.062539394 223.12815158 5.38157564839
178.913323009 80.094950042 3.9367448581
14.4909547262 83.141724384 1.20450431017
259.027461551 80.0992792571 3.86132528901
177.613021904 250.565183192 4.6137024786
64.5798399814 195.297476059 0.598697501119
22.7272636513 488.825737165 3.59022461218
71.8538101014 141.555554006 1.05108460482
292.596262492 182.413607776 0.0455799736166
289.595763449 65.8462756738 4.63149084053
41.6768671196 147.534379694 0.12898122558
119.663341143 307.566265754 3.47042507755
56.2897341612 10.5956256472 1.85536948605
147.505194873 55.8606664398 5.85851968607
4.29409462691 410.716566497 2.17579465677
48.7916445593 267.705187756 4.61550490817
136.27131607 275.90946808 3.01280557
160.90905455 28.3883538636 4.30033089131
48.5883767999 273.251164869 2.92336476922
225.392355622 50.697988927 0.654305722524
154.434754438 416.118148243 3.1517276168
58.6165213854 112.397785846 1.83574562978
166.983591703 58.1094609458 2.09508183488
75.6909358776 153.476093212 4.05967103519
150.207992817 344.060507176 2.44627443468
29.8178115177 280.072358999 2.01300766352
110.479293491 114.569381547 1.19008784713
90.0507446621 187.511168776 4.46160029995
146.929472988 29.2655830488 1.99181150436
1.27240230808 103.582761966 3.34223922659
110.178082954 29.2083301995 5.0313496552
75.584075673 162.93595866 2.08386649956
273.58491599 18.7538126504 0.292465498529
431.03921434 160.243024573 3.48429118642
200.754686399 154.142332481 4.35978741922
284.708286412 19.7957657203 3.06711566475
56.2922764735 53.4661622425 6.20928737809
225.643397488 104.226793823 6.00299878195
92.6115788031 31.0271542701 1.73912304301
72.6647158082 29.8707375499 6.23638095893
26.2427871253 280.768129655 0.757581149297
286.050341241 262.410692918 1.27513757191
230.166379795 430.327863909 0.575814173994
167.319549852 151.855885101 3.75506052326
188.537524734 89.579886425 0.726910942678
41.5145372102 352.673957669 5.70334752942
3.22761175063 128.837285707 2.36312619262
192.4546166 189.810626452 3.42403089205
257.597001906 5.70126198037 2.03914653724
215.272734204 378.777983086 3.86941982625
330.85808216 128.250268409 2.32922749773
329.625167657 200.547252338 5.74976341525
