0 50 80 0.7853981633974483 500 500
276.801462805 410.184347022 3.22250273997
24.9841929574 39.5274252495 1.77780610672
65.0998471069 99.403654292 0.302179572597
37.0734248291 252.422633561 4.26702106206
280.824087056 364.123448603 0.661352536599
455.995161227 202.774281107 4.64591976826
130.266214242 95.5006992408 0.740011167856
1.36309541507 116.811536458 5.80057128506
455.726942969 3.89335092192 1.24105457805
479.653450966 11.7394673663 3.72377785661
24.2513043928 2.46929578302 6.12926946658
60.5166843087 217.685169808 2.92848223553
106.340275979 277.627905988 5.3201164601
34.7741733881 240.131924207 5.5718836803
362.240249204 122.235046147 1.46969444531
242.039207254 32.4111954844 4.38534780214
13.9266489387 114.402977565 3.93451588466
346.561229149 21.5735524037 0.159623049577
190.561819183 114.750663866 4.00828358158
110.314879295 144.386951653 3.14328608979
154.046831473 41.7023534823 5.86481593379
14.8770145409 202.942263979 3.28187883694
346.886468877 378.203538877 1.44434815643
194.778235869 12.686278146 2.65383884063
42.5815370423 368.798324019 2.2092837446
71.896252617 98.2773561298 2.05697888011
180.367915544 271.09687644 3.91028901961
139.552432746 348.485929255 1.07533802141
92.2358340964 21.4257925828 0.387809795412
332.123173949 26.3627911532 5.39284795877
100.431407507 98.6081253724 4.85521439537
56.2926521462 131.561499651 4.48085840943
21.3817034133 62.2404714495 1.86291084113
179.00470362 81.4122281677 0.910293169744
290.885654323 14.6196184992 3.19662762572
58.6319931617 139.691327876 5.66054882863
221.087861038 297.633618523 2.38583356024
238.834103962 49.4324611589 4.66508656862
305.11536376 247.677592642 4.80545880566
36.8422968164 211.548614233 1.37498002348
139.948008567 182.238394248 5.63220447722
127.12784048 311.948238242 4.2031023517
287.884298699 103.714419902 4.63648225153
23.0839482706 204.927761727 4.06237829964
60.3598948844 172.035407311 1.28479271395
10.3269409266 32.4475021077 0.788382351442
74.1066141996 76.0840187436 4.04486512161
279.808201637 66.336425521 3.63106288075
234.213740493 77.0691483323 1.25154327866
235.946925402 207.769707329 1.51558607839
