0 90 80 0.7853981633974483 500 500
46.5369859689 235.716724462 2.87052192473
256.976728188 150.195849047 4.20417842541
159.590650067 342.790289404 1.21962306622
84.1638002706 108.109904968 5.96997899318
65.4458264432 242.26828898 1.77593751399
182.809760527 192.970256206 3.44922848386
288.842814489 224.843629816 2.58469424492
306.163801912 153.885451166 3.51973612245
331.232295516 228.746205193 0.93124194
0.556054255465 189.773863475 1.71896376791
124.566206427 87.7542127707 0.602772507382
379.563147025 109.600559335 1.71048097945
245.132198464 362.326926279 2.52473798624
204.221746263 48.4720942171 3.88646376383
99.4922953953 140.160066391 2.71213981042
280.256671484 114.333858949 5.75651223763
190.88816784 13.8589793005 2.75346186015
128.14462297 179.147651068 0.606071427066
471.50590773 351.276982858 3.72308559831
90.2988368255 66.1066974782 2.35448996633
23.7068362135 229.085209142 2.59707791399
282.764731039 12.0792350175 2.99679676257
81.9282572216 28.2429076555 0.702272274688
426.089692416 26.6095043357 4.27759355364
257.32210585 92.1109639392 0.24521929243
239.887791493 203.172316339 5.2058138886
55.6099472474 391.86006388 0.269828248813
62.8571736055 426.602120702 1.29715283856
308.806830077 101.046094317 0.298319500715
19.1719610548 131.403849079 1.80753827191
226.701687806 258.582449786 0.988942184321
244.412338115 22.6717806093 5.40282181138
436.784151448 248.602588814 1.47244824921
65.7847688917 68.9742224327 4.91936605
2.0987442633 207.844885482 0.706695969896
436.109071608 113.95949113 1.00323121096
210.675840851 17.6005178308 3.09538667263
326.216886621 376.562178011 5.97750766052
149.82584357 9.8141776033 1.35545839041
119.420613856 33.6492740132 0.361481666876
306.829682611 157.910512044 3.28065729258
332.050152404 269.468107966 5.21061147443
431.765235458 295.50774183 0.602619992128
163.805854259 149.253639266 0.744328052208
439.043441488 145.65486023 2.15111419419
105.983144994 100.991697405 3.06074839847
80.6164102286 275.493403628 3.30500628052
338.906560011 169.928227317 1.2224049349
17.6776891828 192.86929153 5.68891434061
177.396224324 155.945097743 4.00370910736
22.7706736548 198.427860795 3.71762408407
238.721944706 52.7079212498 5.4863025375
126.133221784 105.935847697 1.04657587615
7.69034183601 277.782808127 0.403212874551
82.3912163116 178.002598572 5.65302596852
449.296125913 101.005512483 1.80658231254
243.466706064 171.343401751 1.9365712545
343.700735976 5.1659572336 2.02982525066
90.5337493036 151.099737706 1.99651147292
281.640114768 278.933522992 5.80945213298
408.394121152 383.452684117 1.65500270538
20.6028165876 34.5837249912 0.532777938386
401.520570733 73.0816184901 5.06730999975
114.616947108 307.569268013 4.3308463821
250.653071281 283.130471421 1.1416588582
47.5120746452 153.925304358 3.48270781198
61.280206903 38.942611789 4.26166333597
47.9942371163 178.463905505 3.90834704749
435.192125516 16.5736499331 6.24995871631
243.324153717 36.4220033537 0.500456228884
212.038621281 71.6949536873 5.50559372573
271.057695977 108.890374372 1.92733882993
66.6399523027 131.09893995 1.20395918992
233.475647118 121.395863758 4.6924293366
33.181523551 432.021220071 3.38941595585
97.014272711 200.428103625 1.66700520828
57.4606509006 104.310397477 3.34115503753
141.970650883 147.295627498 5.99632362242
10.0134365311 9.90829290294 4.50565953301
87.0189523053 10.9262637976 1.94213041379
61.0509314056 70.6393940106 3.44548071819
275.379974603 425.398051529 3.27567955741
106.454217725 15.0097277453 0.127118883105
357.993277055 264.015444673 4.19714554396
443.592004677 108.877039845 4.80011082436
175.637954457 4.56378615798 0.500285660121
338.241556886 283.522320417 5.90013011464
198.915482328 47.333700448 3.29264736191
238.867857704 370.605269342 2.70273976413
40.4439952429 37.5034088237 6.21670872627
