0 30 80 0.7853981633974483 500 500
282.861412443 450.835548693 1.75441456878
161.155211639 310.86399226 3.06445438103
71.3475983302 373.804940093 0.744057602878
289.02544871 4.24751159139 2.34761383363
432.881305654 340.559341445 4.22970558891
129.752259963 38.5488021401 5.18257677407
99.442239273 1.84843220379 2.42959947473
56.7245274956 32.5330113789 1.83160470033
111.443173143 202.584024176 5.66827624888
455.291134176 83.0605486266 1.42774704485
102.373336972 456.906377305 5.00344992537
2.32593187355 268.321571705 5.28143944079
137.350066874 92.4431783911 2.16992124561
250.747038276 124.726573516 3.31838433394
67.3372142596 45.52850234 5.74558505107
253.915750935 70.9789890032 2.86159890045
25.7907718051 54.0921190114 2.12941985929
183.835890709 401.53352585 3.8434463652
192.288550458 186.747365767 3.3528206327
497.223030287 381.753110578 5.84340669526
40.5036734983 44.0507474702 5.77034255509
11.4521938486 21.124326058 5.90614120503
483.017604016 101.470117899 5.38330971983
424.319860544 105.825207879 3.48329035589
89.7608443743 80.4898474172 5.28033702987
124.390454114 42.4367722326 5.41647435883
246.516634691 482.571642367 2.88262259738
0.375366183658 106.276195648 2.43330270887
159.644221789 384.146264294 1.8306457671
132.9783362 102.885672687 1.56210663695
