0 70 80 0.7853981633974483 500 500
484.931825485 77.1403068807 6.16013916552
157.311758333 167.132311455 3.93880071993
153.202925615 82.0467136207 4.58378423655
16.3046910341 143.401108252 4.52899165053
151.279544693 5.81702939187 2.74690511916
110.217915837 104.494872609 0.0929310836836
50.3680112387 79.7029443362 1.95052642041
63.9931961598 100.030143881 2.14319578597
402.539605191 256.12885264 2.25070342305
331.544643307 59.7573317778 4.5812823621
311.075933337 40.8159467326 6.09488140168
230.083256265 43.2058629112 0.00869001928464
488.089937159 188.007482196 1.22503160468
421.175326296 166.277999357 5.90686968992
126.472558187 257.453301246 3.39353671167
9.92502932007 353.063826428 5.82152648899
134.241768287 184.78770586 1.49029278969
311.636664204 452.439404485 1.79686132045
100.357970396 221.442688036 3.30032959709
258.208378263 58.5319924424 2.63271919073
48.6976264952 270.864825562 1.47477327736
116.016973962 27.3561336263 5.68119580814
47.7573633136 334.424915259 2.54800228432
198.578265661 347.462935222 4.01814316285
218.585467707 496.012718401 0.655132736964
35.8005220191 42.5639453018 4.50917768006
94.401598154 249.633263115 2.18637904002
135.772084054 314.570773829 2.94206926293
311.094482765 184.471495425 5.78938398548
195.13351628 234.461735141 0.232113079111
322.830697107 288.557879028 3.17271731645
189.777481411 41.3098040364 4.51549416194
362.123977502 115.32075936 1.42423802856
222.392320275 315.265417272 4.22747194021
82.503635195 341.210660565 0.196849328265
457.804727293 26.7804644293 1.68219923455
228.299515637 256.271145253 2.01039078615
11.7468947331 4.8306100723 2.62216102432
240.70971737 35.7334704387 5.29410390355
138.487643975 221.38141324 1.4600651714
141.574889095 29.3084383319 3.62870089106
231.289850505 195.813532362 4.19394403816
441.251929471 200.699881041 4.76461889744
322.345059442 195.06421487 1.45046402362
127.170439208 63.0530469545 0.737529642706
21.7126123632 156.218890121 1.99293997695
167.436318615 212.485353068 4.92629955808
77.3983217886 43.498933618 4.75010036858
463.732716429 203.160206151 5.04824990225
193.007335686 44.6456736973 2.3460828379
53.7921605784 19.7152068188 5.94770920969
88.1153416654 490.793049251 1.09330733222
30.371480542 40.9156891676 5.42922005563
219.527063794 482.08848014 3.19748878148
150.314176687 207.447228137 0.63989387298
39.26573599 122.567957598 1.72423026278
57.2453420427 104.500771904 2.85156094886
56.8593421667 171.117911547 3.73855359022
19.1218363126 484.843151816 5.51743599184
180.283035579 369.716924226 0.271046471722
92.9338192548 420.182632305 0.184545316869
55.1141956007 14.7221636811 0.952899208305
401.500611366 4.19280566075 0.578525408496
285.557551819 330.544044115 6.1389232598
164.622268399 212.272958066 0.650750043556
188.250408641 148.847457752 4.11803733651
193.694861353 153.549214705 4.83504800361
328.912926201 84.4861367655 2.31791955885
81.0747781338 5.16350793939 1.97861558097
206.173395388 213.299943179 3.16429753307
