0 30 80 0.7853981633974483 500 500
327.019986652 128.902970465 1.77413530383
347.442615177 316.693610246 2.93662312681
133.062378755 140.501350744 4.02377527195
251.993370703 316.943632985 4.20247462434
152.927618732 230.536249415 4.63155670471
301.777298846 493.394161671 0.349593062212
423.698710813 176.2303557 5.98985881506
8.49806225381 19.0107327567 5.19041128503
17.5853843493 250.487670151 2.11486816284
274.00622419 366.404864997 2.06924077009
206.237987706 490.654492254 0.78718004075
119.992813401 12.3728651835 6.21299968857
192.767930889 53.0060659732 2.08746513499
186.853720615 199.306553486 2.03960035304
90.3497338595 107.286150622 5.0701333499
119.632805542 373.733747259 0.884514058094
29.3858285789 130.64319768 0.0534732017408
167.520468873 343.368407791 3.66649054654
145.472057808 0.492263873719 5.6119529177
180.036701175 75.8542220997 0.0833207016918
81.4435918653 117.707900675 2.12715490333
219.034153647 247.455569263 3.11363868525
71.0300102829 36.7631423736 2.84305716731
340.928474649 109.813727441 5.55548616754
52.1447323746 172.37747488 1.63195458589
24.5961630806 387.523053845 0.561250251718
191.153581436 180.059784503 0.126214794574
114.964288473 129.185749797 0.332000701604
225.744223902 282.117791292 3.93691754159
92.8112123024 238.431755946 0.312407910603
