0 80 80 0.7853981633974483 500 500
94.2134669197 56.6529313842 0.650401452205
32.1911155878 264.443504016 2.50502193155
116.502572575 83.0385223934 3.43743606429
26.8990852989 310.618541029 5.87474871746
7.09841819606 15.4461775 5.52573001555
415.275612046 252.618814773 4.42619573873
375.382579621 21.061706392 3.51569340089
28.556320007 85.0220035487 2.14795757423
51.02116658 40.3581389481 0.898611382407
72.4659198613 462.762721296 0.366891093169
322.28929003 124.200693998 2.18638878461
208.016212579 334.145272495 2.0911389651
280.649912713 83.9727793823 2.51466870822
90.0865778799 162.295228559 1.97288314643
124.978631239 10.2843696802 0.982878522536
267.928848044 163.971621511 2.94603606691
272.182425085 33.7423006018 4.59042776745
6.98474633059 153.933310309 3.69577797997
124.574815205 111.066078008 0.709027882706
99.826408158 419.66884445 3.38593629665
363.640460792 38.2779901401 5.34477869892
32.5521262756 301.085677406 1.2705711119
446.404351845 104.695345887 1.44981541936
455.749569436 7.23651619792 1.18161728487
382.464861756 145.002873338 0.0869846598048
291.693588074 112.767881966 4.14816974745
164.002582182 347.410828185 1.49579700489
10.0282176042 440.950891985 0.0559460692491
6.84907068748 395.748090536 5.01723555972
446.041483425 56.5154754118 5.22364773859
136.099746577 324.71475774 2.37096552852
262.729731691 321.085298756 4.4599512735
108.288949175 193.646937267 2.01397918467
346.450649994 245.496025106 0.869773426997
15.0471299204 92.7191616245 2.12447890063
62.3457035173 2.89193978634 3.83075304567
2.90121459413 161.450512928 3.42474512306
307.338242824 20.5365307288 2.08510159328
234.66063981 135.270174388 1.00356779718
134.20942556 7.77723034413 3.2505783953
477.562223437 116.706881487 4.0427449189
81.702081419 142.793670147 1.64077822348
137.405534182 116.813253257 0.0586125670891
14.9316374342 276.827174778 1.42851506133
235.949725774 21.5946550489 5.836201097
366.570795561 407.213725109 3.00473780815
203.257401638 160.070023301 0.919316761174
193.290302678 346.163716303 1.8843094551
1.49408477708 365.42903751 3.77590141235
386.116771013 124.863616409 1.34873766744
343.619287048 34.685466086 2.25696124202
445.21925369 36.8912166463 2.16846816845
259.363871794 157.396562958 2.73024552976
79.9547787647 21.4374532905 0.228052588006
266.685500309 270.78558152 3.46529118842
253.247513199 307.299272255 3.40898892596
316.396319891 56.9612597374 0.704061604426
29.0443547625 135.856717598 5.28010589629
408.625476655 255.488569093 3.41306971129
342.25490681 205.604237354 4.25055068047
190.459436692 124.378114977 0.219597750059
22.9800596909 209.890644376 5.17010561168
240.16720071 221.343719195 5.51837792915
104.423986847 220.867763957 5.60787677391
33.3962217325 104.991323066 4.20155935455
410.107107879 437.281085906 1.45680401167
173.530732744 113.809767171 1.17998033446
223.837150803 228.824095751 0.891173231438
86.2443774674 144.363248215 2.86637428491
144.218039776 143.091891714 0.325819748901
191.424690471 298.453474994 2.249362887
72.2267562055 32.3592443605 4.3023724819
178.160016899 204.910211861 2.4566793349
179.561252903 148.081941648 4.47267731951
227.071376715 186.152849862 0.832169037956
120.709857612 412.565539096 5.73536159901
426.542407268 293.38980063 4.99102591161
370.342857894 164.621087834 2.58196019368
70.5970305721 131.092558838 0.659039483475
391.88391666 2.63007152585 6.05734526123
