0 100 80 0.7853981633974483 500 500
364.487320268 77.4577237595 0.244848005355
42.5997131867 104.100821848 1.5696473572
170.297522776 5.08433695167 3.74824207459
155.527422792 402.164790309 5.76359403396
356.483832258 45.4573679109 5.25917133848
172.987752726 40.6091527493 4.17166077661
358.148539094 52.9437249619 4.08635161997
173.077289279 75.9843456168 2.16857021599
174.045828238 24.4968316745 2.28230771989
18.02500528 122.181758799 5.78816677448
12.7157323597 10.6643781574 4.13391591846
80.1188677634 229.69686918 5.30332288363
385.621001786 86.0296891794 0.894400453465
322.510912925 303.498932915 6.02526564634
10.5936692012 80.7189105633 3.74833336152
81.5326395554 316.994014439 0.854165849449
341.255946358 235.545064356 4.54183554975
137.817136537 71.9994293209 3.68921281299
182.800993198 102.912719428 0.622716739894
90.1655570448 251.814999352 3.99790513341
261.070252975 69.1158429551 3.65869432298
446.785601854 452.492538089 6.21830127112
165.245014709 263.172180065 1.02084013177
96.6433226505 48.9790087479 4.67545827549
29.9182740786 476.154561996 6.08375841292
206.918670373 108.481389461 3.65620209592
408.391176601 38.4921209068 4.27754461536
447.804257773 131.554698323 3.23837241707
6.21959912138 286.611980553 4.59949770392
120.831840406 208.129222818 0.878000707528
42.4862693153 406.719655231 4.75715880567
130.02785093 43.6058273428 0.779416925259
371.147375926 478.017746752 0.00260606711124
12.6848385155 160.119718113 4.91723429351
50.4484943377 268.194130123 3.93812616827
38.6231180699 175.820391225 3.88667936534
341.848752342 35.8507083541 1.97929004983
32.7764058269 318.305629037 4.82199069052
179.187629858 483.772576448 2.59959719434
108.624455961 265.771906782 2.30322987346
269.606528259 413.948225741 4.18098851247
163.468914536 204.373315789 4.68189690148
303.590826892 173.808221495 4.32780431264
208.800280429 416.524531143 3.99645168734
485.421334397 167.217230224 3.86896355713
258.00457655 10.8341623189 3.92475004967
333.384160071 248.904660183 6.28061770124
248.161583918 419.233400053 2.87616399396
148.206696336 53.5916229272 6.12435235592
82.5143833801 207.416813506 3.97282631097
34.2893535381 20.8061964811 3.19102839113
135.035638148 139.538064286 5.76572075211
321.160987812 258.332000877 1.28184237508
128.891890758 215.758916895 0.686110407412
104.36424654 172.917342744 0.0207043673981
54.4915104308 193.383796018 0.993560442677
265.891103464 258.123372583 1.55430658649
243.131592106 60.3867561789 2.50372397894
266.54558487 249.125122638 5.39178462112
146.465950475 178.799289795 4.24993507539
194.191033912 359.507891168 0.236198657014
182.245286123 151.284583013 5.81718199992
36.3535199213 102.895773899 1.8014853074
310.031339705 163.441354789 0.734561636244
314.212468974 92.4550033149 3.59289361844
94.5993393551 71.2159458078 4.2359226966
111.581306488 22.5969335839 4.07796242418
30.5347056981 385.174586893 5.24533182603
186.304133513 300.861659156 2.68305220137
24.7334323621 26.6760825996 4.0226243881
117.88224188 78.3314502281 2.54252368995
256.858795502 9.0201318122 5.21130165175
132.794114553 163.77682173 3.84622116558
0.363983992629 285.378093936 0.686744695243
322.727597379 491.388972734 2.96628199113
479.96948147 206.544280889 1.27046822481
130.197834773 166.922955968 3.26953205098
88.7883188893 71.7607340697 2.23103883441
69.4266851935 88.8331132738 2.93791062107
408.234770304 162.225446625 4.69695001699
154.01443115 201.710189429 1.01289931343
480.202501787 141.534217772 3.78828703798
20.7958884652 99.9921353329 4.17944494506
179.734966269 457.633994073 0.253371036454
171.949153153 73.3696636569 2.11948437539
33.3862311252 49.9490537871 1.85773016518
169.344787156 192.242977563 4.88474899621
6.09092431198 309.184619239 1.24272536122
89.2018043918 63.6273715026 0.071239395861
197.24605277 199.969347953 1.20638634129
36.5233622383 219.136108486 2.13905702772
468.697502358 64.1999691992 2.93830078603
21.4785803628 449.629432873 3.8364885167
420.267290288 70.7509658154 4.32689818062
0.194301784474 136.483222828 0.239975190896
114.272979726 117.97463325 1.57832314541
52.2001629854 11.3960568415 2.45897061073
411.70583721 96.3920906915 2.12791868103
29.1850353392 56.2829369999 6.28031548916
371.973757955 169.375809512 2.22243558232
