0 50 80 0.7853981633974483 500 500
228.766322252 153.335161674 1.25361306164
57.6849164441 7.16958312347 4.1760142575
178.384207564 154.586043034 6.03132544139
113.630673646 22.3457495308 2.12835556098
1.76124404506 68.2634893096 4.80378110013
51.1940647535 306.946555731 4.48274299998
153.562580964 472.032069803 4.86265989386
379.028380399 96.7462158111 1.37990394786
7.74265922938 126.996049274 3.19534166878
104.663422885 84.5889817203 1.94831652589
437.415205122 20.8747257549 0.290334531764
73.9057088463 211.984046776 2.12681004477
40.1298365579 156.762476584 3.5160981924
128.322701283 117.636304809 0.712355184605
58.1601360178 183.330094823 2.11753940567
210.462241845 40.5574921459 3.15536853904
47.7198490121 462.819314659 0.831380927281
10.1315239908 302.076855314 0.996988345556
420.653504477 282.726552293 2.47652881351
470.376384747 53.7162900483 4.47573982473
125.781220734 238.876043045 3.52190550676
53.1224074584 185.785214983 5.78514273261
45.731247492 46.7043696077 4.11651332537
90.966190477 487.928294204 0.621824397232
55.0018304838 360.609466292 4.71214810971
390.08433061 27.7508265678 0.0156653441241
28.5768701879 374.441366165 6.0855499742
0.677974097378 48.4806878965 1.18365671182
151.063581462 338.32576673 5.44205670069
471.056349092 360.302083701 6.15850943347
39.2933371043 20.5089602964 4.07128940594
184.623619499 458.930964827 6.19876718993
359.165578724 22.9223382267 1.35990549738
239.732139483 79.1019537643 3.04610398741
408.47936938 415.195301897 2.40714502025
28.0718199507 155.150808431 4.47366678874
374.462612807 452.01904799 0.295014274278
9.81950774598 89.0255973924 2.90820848761
63.0863536092 58.8653257209 6.05795409499
33.6060926576 264.589926772 3.80466209983
2.81169600449 238.017424586 2.83908241566
385.787648443 108.572836663 2.40504053801
81.3173689627 33.7727107996 3.35978732579
133.382826017 7.9986217838 1.25691089107
461.843708835 488.366340092 5.41905954069
36.4755688881 61.1734001421 3.87183652473
407.563894301 454.35667062 5.80771044786
14.6754470681 10.3268396101 5.60411994136
98.913609788 36.9660600016 1.65894761743
136.787585814 226.002030891 3.74237157568
