0 100 80 0.7853981633974483 500 500
44.6717762291 388.721983041 4.01595196929
15.5047673048 88.9734145376 5.19449846571
48.168996752 226.99016772 4.24282009313
75.9536703164 47.2068142873 2.75074218346
245.715564171 15.231553872 2.48308008909
214.517219187 137.918284573 2.287333638
217.084113609 241.862687565 5.08487586564
239.392952521 62.492921913 6.03521780901
86.9641228907 16.7913154719 5.20697126497
35.4191187544 343.795518395 3.82581137928
385.809821875 169.524045602 0.67009504063
274.294989131 383.776430346 6.22487630294
93.4443966263 41.8825953747 0.780303975922
280.854934125 287.426513557 3.00563508676
133.905523353 180.483233288 4.0960181178
342.188790675 356.836619309 2.03170874396
68.8087600927 131.672634959 3.80088419771
324.707890456 367.899954251 4.26626846592
30.3270687954 32.19738734 5.06466705831
338.567566558 1.51521964694 1.76701051102
100.045983398 177.882073498 3.36149121637
341.470978204 314.555572484 0.418754462217
115.16150588 172.052871613 3.40912895688
304.182176653 31.4816693319 4.36715239439
161.235602275 152.459188291 2.79140415192
5.4753328011 169.0442653 2.03027895639
152.684802728 92.5640338564 4.14919141614
28.2191104926 240.549504827 5.93998023274
320.739472821 210.672108898 4.55315317604
129.228254792 39.155350287 1.59919404892
33.0108609107 96.4515322198 6.0883842148
199.092395689 206.449158469 1.11057321927
69.6286872013 127.112239991 1.96456660604
17.9915293374 114.075143646 3.32636908423
255.317588928 288.702328366 1.1587398837
120.102178874 345.031230645 4.17174853819
202.937200491 51.2629283817 4.68227018414
204.57675333 99.5417268056 0.0825346511312
437.137488382 360.575905072 4.78039778554
11.4889001865 295.171657078 5.53330954791
75.8144400724 80.362720937 1.27200058309
187.818257931 136.999168007 1.71277130918
276.65982696 67.7870685935 0.610994218472
72.742180634 87.002163994 1.79005014763
29.1718054959 370.781954165 2.24060539042
478.304116433 147.494496305 4.90264863706
135.697658783 220.22896897 1.26538736032
118.758646354 40.5448474687 1.15345849939
38.07915321 312.38394878 2.1515070678
323.710065676 96.3982826423 5.93096557881
116.873266503 340.139799536 3.86897432962
21.7262077493 69.37545415 4.98433767116
268.407720189 189.678807665 2.6484119447
402.057181857 104.516944693 2.99401220065
91.4896985937 80.0014887831 6.08841560794
63.2914067266 56.6387662405 4.43113715151
413.006417777 57.9528953232 5.95333886855
203.444575168 35.202200315 0.0426825721811
121.221354874 52.4067989116 1.02938110804
72.1160894729 401.95605583 1.87699182675
402.266825726 291.154016426 1.95848804122
75.5503459017 34.540456287 2.21417105688
370.853836234 242.637772913 6.14158380779
282.501046024 290.41224765 3.04342682565
158.310520071 18.0976907086 5.30164471074
470.842394519 1.59150532907 4.98317391189
126.716126567 471.014205375 0.364431679797
35.9201324303 217.049496929 2.57860433586
66.9069053643 26.2362493268 3.72568554839
189.100542968 267.339468835 2.26809554286
123.120281344 306.929084135 3.97246955389
396.950769461 36.0016803057 0.561953955161
89.3595804668 7.09597840898 1.34754102352
76.3697403467 23.5758971144 3.33951640021
366.785306395 125.944653526 1.30425967041
193.155390265 154.945077899 0.573317794629
313.575284059 185.69742894 3.63923431839
191.886542201 170.418868316 5.96764835311
93.2339778112 261.522403818 3.87261546278
268.853387096 491.807366519 3.43864070586
13.0827307655 30.741503096 4.55051274536
214.185469943 59.562026359 1.09163601961
191.325463839 265.5842982 2.04074168799
351.62175494 476.427526942 4.10854749623
410.936284394 230.38997865 0.0103672828597
221.908317911 70.2879086587 4.24893177245
498.990895733 434.01210215 5.26600716447
338.312790587 63.5917880178 5.78168344506
161.442869091 284.573444713 4.51804117114
164.450088663 139.970062382 2.37243420331
308.804652603 11.7982590055 5.18667280075
73.149037527 291.83306597 3.14737447425
153.08128347 1.87276828324 4.23914411068
34.8732922788 27.896438537 4.6573318628
304.744331355 199.365818865 1.59402416422
13.2701151548 293.811671804 3.78269893593
26.4740769295 29.5535202389 5.55114953525
114.578319435 309.505031428 6.08867523797
129.561920348 126.5060537 1.92277332848
177.453344818 143.775332473 2.18578671525
