0 60 80 0.7853981633974483 500 500
35.607986743 55.8901996328 4.50147025808
216.93598736 16.7274309294 0.667736839193
28.1060643594 285.056312427 1.9483111926
368.024484726 161.179723155 4.66657737834
120.09574633 213.287527408 1.15599757376
31.3580356805 124.376731739 2.71820062536
85.2531072394 172.417333096 3.62887995106
6.92361952005 221.946739282 1.58604921225
226.192598417 62.4187813431 1.86501883301
328.186687748 84.4814272196 2.41171872809
469.908152836 74.0097738316 3.10769174274
170.889675233 262.02269179 1.43248495273
402.126351854 65.5780648517 4.23791556273
147.959885019 159.128731446 4.27994187917
29.4617653909 107.061968217 2.58795968385
204.136707467 276.461225096 1.7721158708
126.122970088 83.8336131817 6.01236366581
296.312861905 133.009211991 1.53200714465
77.3440373637 270.080232931 2.16661626949
273.238301 170.554785638 1.86334013884
94.2977545846 203.229695785 5.64572744794
186.397555168 178.622328618 4.95360795301
4.32473658666 47.8586208747 1.67501474078
153.262853606 0.850478457577 1.3182961511
93.5862838718 87.3438684442 3.77529663486
56.5592251596 91.701490397 1.87443560916
59.9108401476 300.806098739 5.54228639735
38.0603286637 339.334176917 5.98496743632
314.564834039 375.843151015 2.50115387096
204.647735457 84.8489491842 0.282493458863
328.570865495 19.4249982816 2.39827690632
159.280770039 94.3658070403 3.46987820918
91.9385153685 154.192752919 4.59897841499
189.23785799 35.1023733034 2.25887336328
156.363912206 126.389045807 4.07855609263
59.7307736388 87.255579193 0.103645057058
181.646240291 191.009560279 3.19217875285
128.392691918 167.746719619 3.21632027128
86.52883038 58.5850960202 3.78982384763
123.65977352 12.6675550707 0.59083855086
245.536977366 235.381950626 0.505411130706
195.744403369 23.110049508 6.25724416168
246.332374356 230.372943322 2.35128225909
150.593250158 218.906322648 0.440138652436
55.1433536649 97.0915870135 2.1282878648
62.6050356261 36.287751394 2.30452567654
75.9101901768 209.659908426 5.79863719115
80.3130006573 15.6598006707 0.885120882842
21.4662259407 185.80108937 0.54696890608
121.920828299 140.580281411 0.566674603493
134.310428078 325.002538587 1.52040453516
46.6257361277 244.176360485 1.82334944734
35.5148153875 111.176903234 2.2218542501
35.2696555438 60.7222592306 4.23154669726
365.026798091 79.6482370206 5.2048078601
122.903546211 158.926196046 4.72261431377
231.653255039 24.3682890705 0.0278210269568
29.6889485935 203.241603211 1.03263098247
20.6313090357 303.779559807 1.04431762045
80.7174629403 17.1483597407 1.59671585373
