0 70 80 0.7853981633974483 500 500
237.921452152 30.2627424505 3.5176959892
349.009849183 77.2822758491 3.62728435311
495.724035886 361.520909576 0.178067797951
480.462705794 378.718312619 2.53562456858
42.6538409234 54.593922644 0.747630979143
281.476867336 9.15840550338 3.0088078661
48.2306373467 250.308158687 3.33519162798
33.2555256883 119.770292792 2.31926660113
441.992516209 59.3583670709 0.600713385925
9.29863746109 17.1717468666 1.38527887443
78.1681163159 399.144665101 3.74764560852
67.852763801 137.264263043 5.9605717147
270.864699859 96.3281974016 6.22614324347
74.5928541328 31.0208886086 1.75988427314
98.4337030139 85.5076676831 4.02437190136
195.779681864 313.633609313 6.26215195871
304.228120383 180.636836363 0.406929104567
296.011857094 323.219591594 2.18327799967
51.5549487281 354.300007028 4.06110234131
83.7045986821 322.470249013 0.0579748672707
97.335623025 237.95384197 2.34016763792
125.072684497 29.5271473509 1.15507099521
114.543530086 260.966104229 5.35586242821
106.13131085 407.135629149 4.09900525525
97.3959517679 296.484784502 4.32614620716
250.033990124 235.695323804 5.23553417719
383.271086093 40.4643662101 1.30397110076
85.240424469 427.064198637 3.66670628349
12.8751053705 379.547867105 5.87648015533
79.7592377792 469.098321967 2.16742736482
272.517486803 149.319133116 5.31457187539
109.34014358 9.76486457738 0.372784311523
104.854153695 148.824192676 2.05679936531
355.473904757 106.478160787 2.64159003688
239.631018091 25.0446895797 5.3661721339
25.1542900129 123.570560012 5.40866918155
41.0153992159 33.3724153259 3.91060148958
287.128081292 46.4835564989 1.30986372936
160.350948715 275.312856254 3.04520942414
204.521569701 321.712325392 0.4103405723
96.9256033272 279.905631088 3.67299673728
7.66741066421 65.7171409629 2.3967996279
256.793033914 198.870497642 5.64486881869
160.227730832 15.020103467 6.12787234276
343.896535207 490.991227351 0.728799423178
350.112891597 140.191982621 1.43376270239
59.9718663452 450.289136119 2.0149180374
21.1804370706 340.050575836 0.153864234338
186.495297346 8.40005738821 1.3603397516
282.597630036 68.9710066298 3.59541990309
136.594281802 49.2990082959 2.58988320861
62.2973680453 99.1958264585 5.09175748304
181.398612833 263.787786186 3.43842453741
63.1113659798 42.5357433695 1.82129577683
6.86698114156 102.057752756 3.51811966241
56.6148160976 206.470902388 1.27940585562
87.4234861673 258.906590933 2.90747695705
73.2703345316 225.547874435 0.949082729725
5.59458039449 284.602307111 3.94603501741
16.2310012955 83.9577059502 0.952509933626
448.866964293 44.4342814029 5.11758520005
272.749685307 36.2541615337 5.18997530765
95.2248669503 167.912532996 1.58644683831
38.5110389941 269.372671568 4.15024081037
90.8533042597 380.883087812 3.74213425094
69.6862595535 171.533340762 5.78643651159
319.50053487 42.8315578751 0.758082895727
135.783541472 328.508690671 0.542399474542
23.4674668138 437.536339812 5.16883381175
154.364758285 224.83720406 5.44371299122
