0 60 80 0.7853981633974483 500 500
26.5466173922 285.074312276 1.36075958631
29.5108000727 304.579489769 0.151512430553
23.4008233714 45.555610021 5.87782824271
50.5831438772 102.780518751 2.77496804108
145.342770882 245.567007296 3.66289558139
192.562011972 471.51965014 1.18044625826
30.1504712369 35.1366454686 0.406456031918
26.2372961221 26.6887269533 0.651386004801
63.1903515477 62.250454106 4.35677691071
115.15734935 242.786760035 0.461765681259
279.475763856 127.675517728 2.54744157852
68.7107751243 184.702680775 2.93871849494
471.273146309 98.9034450293 1.96365754334
258.077460306 23.8631261435 4.61087986419
36.0973565447 155.53215737 5.74680665408
277.31072616 80.4312545142 3.62607684406
136.255127939 407.609846508 1.49930057997
13.2156873764 104.438032597 5.33417001633
115.225708948 69.0794205317 1.64937073821
365.64244403 477.664508021 3.55029077079
130.156564459 382.188496603 4.2891106799
7.26655951883 3.70872636277 3.15960897834
107.344954789 50.1478830913 1.91659085213
279.586739111 248.092715375 2.75451065369
78.8729246129 57.3248391469 4.64093884301
223.571199058 21.0818933503 2.25479282699
345.214766433 162.102100111 5.61956920224
380.225352699 57.6352317368 4.28310557125
181.408468235 2.94839239338 4.0753534263
372.455693524 7.06865367136 5.57657031423
252.520546891 32.6669087199 2.157533668
317.4145103 105.20302596 4.03822015879
19.2003200836 206.498048194 3.87523272641
385.809684955 44.1765161724 2.60492314177
6.6419381532 283.757829388 0.457639594829
150.734516926 16.2589934485 1.61645185488
104.962720605 387.177212099 2.63034644954
17.5528976531 26.2686711953 3.99307840982
354.323809097 34.7262721412 0.65166244932
398.963498114 260.701510154 4.83536341927
122.892638823 466.897473547 1.38401573205
109.197277822 74.8932852678 3.59918208584
68.0636997321 83.6433545306 4.40558027772
259.471069497 46.0667091226 5.5370315312
145.601239069 72.8158790489 1.60606893153
267.282869157 98.268166477 0.707124247305
182.304504856 324.398699394 2.7897448297
89.0078543418 180.068517849 1.98423350771
26.2872103697 202.532619197 1.45594713197
212.198788417 405.409047629 2.16806633338
135.42833347 307.981156156 4.21709279391
44.1873018194 17.9090139404 4.63294379076
36.5486579635 54.5464429884 3.76019777527
64.1732384946 429.81135306 5.93768000064
472.4078494 159.285875665 1.78509891296
139.142699906 25.7681751222 5.54085197719
192.23980244 2.24491751045 4.04311736683
180.756025334 180.417328012 1.40792906065
121.051973043 62.1734446351 4.75590386322
60.0812229628 217.463475331 1.22074323397
