0 40 80 0.7853981633974483 500 500
393.098122411 82.4599658495 4.76478649851
109.11136288 67.5828144928 3.3970242368
145.965516303 238.036692321 0.812211109839
206.441814173 154.715523185 5.44364307504
275.826195114 355.959476219 3.71508446342
114.375072961 366.536870736 3.31155824856
260.090439677 103.831768339 4.18196643276
446.704999593 157.341081928 1.52060772481
3.44489161577 63.5706349979 1.34436975819
13.3608586592 142.566705424 6.26764912547
117.209271351 33.4792446973 3.92433731861
171.912574301 133.986121057 5.23395684243
311.471763553 298.706379634 5.80927190471
297.136916416 139.883390754 3.67186412865
28.6702358085 281.49429033 2.22143969686
188.965924247 141.520335817 2.90494533757
23.0107073476 302.648761911 0.538786310845
126.372884114 70.2460162717 2.50447543936
33.6648129061 257.323623502 3.01562117295
100.172081749 35.3791433136 3.78736013072
242.802584091 246.161555477 3.40857131901
1.87303988014 48.6759158081 2.72699716978
334.96644786 98.3352173912 0.0480082997874
229.300899759 254.389966257 2.81605808342
283.939377735 176.672653596 3.60580604583
390.633520423 114.121824806 1.24044491587
180.405046024 392.841129229 4.54220151502
54.8121465519 241.411169884 5.40370848361
175.920694382 79.6008623825 0.660371119598
61.4199946539 102.538668492 3.11815459264
222.367826144 67.1865971177 3.55826348912
19.6874982761 49.7397824874 3.05745112023
80.2502518962 401.946341555 6.26045560557
24.1691376917 16.7866108667 2.44889736528
90.1839734456 435.907773022 0.245204992207
127.128736293 23.41715213 5.71901827312
62.6586904138 223.53960782 1.6866410394
162.611691373 276.802707466 3.43398334879
57.1381120095 174.372237637 0.123589574089
134.464657167 230.687468587 3.82385819894
