0 40 80 0.7853981633974483 500 500
138.437456498 481.427019802 2.27221594426
0.320892747669 298.09959514 2.23065280565
93.8878875141 5.72998616285 1.26830021686
116.227437851 95.1744473187 3.7588112598
30.9264458485 272.789573395 0.0772539191405
45.2783035407 78.616694326 1.65380912946
317.309461888 23.5086797963 1.00396581702
79.7404251691 0.815000064447 6.0398790137
323.363954531 51.5927214431 1.13101246784
177.41745877 29.7743812267 5.16272870358
226.587004331 68.6021392713 3.54428165657
136.311844408 18.4743331367 2.85358916032
368.005500179 135.089528683 5.72826759423
201.807311879 439.058953354 5.43378884741
95.4187701541 214.767307643 5.14672894188
315.244877628 85.3868877031 6.13615526184
301.693267652 12.3539346157 1.58657848317
183.5091596 14.2955037954 5.16984672892
334.997961631 42.6043673362 0.955560738379
114.046616674 13.6443591274 3.70087411316
294.786327228 193.764580579 2.88628461099
124.843963059 321.076539255 2.20799762565
156.67001414 211.355939991 1.51963796147
263.669544991 18.7582324066 0.33164132673
143.206197926 88.4387900347 4.97643771079
3.45854706601 68.290947849 2.88514380397
18.8657512472 222.655035603 5.11715782297
2.10305232456 160.731212958 2.64192833711
151.278413161 63.3525478943 2.27614093449
55.9695393368 115.562890868 0.0729254928738
144.621266971 376.070830903 0.641398235918
164.254731838 322.763344347 1.69198443111
174.219458874 223.196082476 0.386948535035
259.068690861 27.6250260587 4.78801047051
209.205828392 22.8544803127 4.96256051294
213.74926066 70.0731057398 0.277370551725
28.3405354684 214.35515989 4.71770438575
93.2391032487 87.2452329209 3.83539777866
328.23013277 122.369247182 3.27612842394
355.428402348 78.118186224 2.09453637505
