0 50 80 0.7853981633974483 500 500
187.475274927 24.0769966379 1.59628825999
106.449365943 382.482332315 5.39346412337
335.451608048 420.456571847 1.58164356885
218.443004249 170.821820466 5.33928518272
79.6237739196 0.367079372285 1.77894614155
186.914594238 19.5656623522 0.374184694349
303.553112244 217.266166181 5.47758777412
82.7823302195 267.56343991 3.49641545937
174.787215498 282.067116206 2.43654847025
17.3326327165 42.2309653933 0.50128116807
111.089960859 156.194470356 4.69337129322
10.426839384 18.381025077 3.68903698534
1.98950818857 37.8295648228 0.65716830317
279.06480994 60.92795714 1.06800299607
38.9310366851 85.5144011132 4.223121242
374.633455237 153.284014098 5.0865665776
27.851953399 337.849441984 4.79693340662
71.1003672764 116.105136444 1.64616716721
125.958715907 239.333903107 0.207791531659
353.510212235 134.092647857 1.67186993202
249.526086334 32.963941008 5.61698585511
410.103730541 59.7077224402 2.00702146911
161.597648084 1.93093773852 0.092497392903
16.4718346625 207.9869647 4.32357133557
328.600066902 490.460382909 3.8019304272
66.7439453172 41.3325372309 5.51598079196
403.021254704 112.816983103 3.0136719582
399.104274829 50.4863239502 0.160785704014
268.773760342 385.959228695 3.76597971565
12.5467842809 228.641206363 2.25124067523
171.276448262 162.368314198 3.86841746883
86.8820254634 150.363026802 6.16131474009
304.133108044 158.796991251 0.203605214693
444.09554302 107.659022747 5.35947308073
59.7016116424 85.6661094555 3.91728263295
0.865890701266 84.6987017157 5.06865860015
22.4440228301 82.6951103996 4.50640000303
9.19012854242 117.608702385 3.45007355692
35.9030355474 196.492248203 4.2277179059
231.122779295 41.4109849389 1.28902149944
4.90920571927 271.958580345 0.370877580093
142.136978361 402.949396395 5.56937677121
78.9650080687 215.819593643 4.217162357
39.5027907987 26.6691173826 2.67302397028
270.439473648 106.145847609 2.91607761471
9.03076647771 111.358172476 2.13247061414
285.52139998 110.923578983 5.11375594798
141.139946447 41.5508089658 0.608450885631
30.0816891686 98.5852049571 0.325191421372
28.8584285382 58.3359041384 1.1297236322
