0 30 80 0.7853981633974483 500 500
237.022470913 124.926488655 5.23759919296
228.185111942 140.059494174 3.83010785799
32.6439332902 341.993181766 5.4405305874
244.20353686 161.309424155 0.3963127911
80.9417600575 166.36334055 0.710294035664
108.071277943 184.206838265 3.10951709402
86.0414340593 130.153090778 4.81038334626
168.782024064 123.459277523 5.62598825908
378.01153091 191.990105471 3.09432095316
0.112503434926 49.0656132619 5.94327769624
429.599526447 23.7711115895 1.76250036925
27.1984797032 53.6262214639 3.43062977842
59.9278463723 38.9139272908 4.10437632777
462.468760036 131.973625906 1.55280951151
267.341452016 443.174574364 5.00140738233
50.3137124028 361.823419824 2.02228560825
484.128189809 41.3186903903 0.998292754875
285.818882826 17.9140998615 3.88439921715
350.623744882 141.925759853 2.55668175876
148.636988675 79.5869745239 0.607652818597
36.1307412692 277.388291485 5.32377105036
261.598936471 378.296527161 5.82399676835
329.565124404 497.447317963 5.51322272903
254.771051498 169.90798272 2.68938076435
32.0986127489 87.096884484 4.52218896665
3.5863815942 25.0941273003 0.708095588459
143.980368229 358.723225219 5.41948547961
94.5309457066 87.7399308229 5.85907566402
20.0518258029 112.269143266 3.96290637643
249.021286022 152.411579199 2.22234321588
