0 50 80 0.7853981633974483 500 500
50.0713466038 296.764083907 3.85022686803
26.2645610157 334.415200513 1.65311220255
369.200961891 76.834132275 2.56564706783
101.581390102 0.642091395862 3.18132862914
332.865686575 24.2936464866 2.33309045306
290.27163548 30.6915001306 2.09792716007
243.882017773 119.387940505 1.19085476226
261.358714688 237.710624078 1.64610879883
71.1663053216 190.832443687 0.4599818132
62.6429322345 157.935418161 4.19708856982
2.97059256358 58.2436756329 2.95115413979
4.5651257781 173.829796238 0.578459114257
171.109440022 240.277807795 0.722883048862
27.8405507451 20.5058724138 5.28356739098
119.545654467 17.1787373706 2.9927330502
130.940784473 70.268179461 4.46621330976
324.205150686 313.095419324 0.549865111429
253.03773447 64.6399022641 5.03824845285
377.794254912 20.4926597249 4.63878512039
11.3083032647 96.7087764052 0.0780859529952
470.308838756 358.39161926 5.69474601856
31.5037081633 324.516468093 1.17415157143
279.087151071 3.64873194037 5.92937892353
120.453975126 223.33534374 0.107200613521
114.466153136 474.697753914 2.82273378998
58.6977459068 308.864041023 3.79656000616
266.98840948 262.254133062 1.87616731276
79.6493549482 30.291554089 1.84675304242
210.117501434 154.771857404 2.33496823424
367.144706922 170.533802071 0.288788633591
316.544034861 288.259554685 0.524022945299
35.3713942735 273.838748644 0.097867007085
112.974669687 49.4950227538 0.17605490817
2.83727838033 59.6025444967 0.737044599961
84.3483905498 39.0325471575 0.944881643169
34.6539651807 309.792515446 2.63465765537
19.6931995475 102.453511247 3.91904796016
204.54358104 126.462826227 0.244336071668
210.789344342 357.960460921 6.15804642277
151.129510045 61.1027514231 1.95315384069
419.881168995 227.014992383 5.43335479638
62.5994477719 74.6107452855 5.2425294012
65.1788027181 92.8937789924 6.14935715121
121.052747805 131.043800358 1.45789832872
44.6962655413 189.518863242 4.76968111364
219.040426512 240.889714864 4.27289208931
43.5605896398 59.4894129619 5.66377459246
265.285274324 317.811489061 1.94510335558
102.102962039 416.774258768 0.993052306452
205.9527115 70.7124537121 2.46485664631
