0 90 80 0.7853981633974483 500 500
77.9610596704 261.980334099 1.11425854852
342.329668977 454.247578183 1.86939426851
166.893239727 178.41546053 1.24960129738
21.7494634032 67.8777167512 0.900791172703
347.332335092 428.595748051 2.23072426703
94.0982608681 390.243970786 5.44135192684
274.07428752 18.4912205725 1.80425257444
451.585557938 244.06134651 3.30401456057
125.790342446 54.3280650954 2.42776743807
29.7638408926 396.630249787 0.80456655029
300.321629601 40.9098213738 2.08039990257
260.425707132 122.156027308 0.575532444204
307.725301835 486.775402865 1.18914067311
216.499705929 83.5527594968 3.03079374303
266.769714688 168.624590699 4.47528388721
45.1183701189 25.941306103 1.80811133815
129.91241359 75.5384340899 2.20002350028
57.6437189091 135.954018815 6.1982066042
56.416707325 101.71320494 4.81711011174
293.068243406 101.313676109 4.80804994103
247.484387521 24.3904444667 1.91909209016
488.415991986 222.781495989 0.537541223908
257.932095626 150.227010807 3.06763723582
282.543559422 40.0451879694 3.4446069832
19.1241831523 30.1128018917 3.50115554326
317.961671325 11.9235582596 0.0905081624542
307.125407101 313.996907357 2.27969462391
405.144392686 109.227075158 0.236603244777
63.4871930493 155.405125588 3.61137619716
22.0066468475 132.583214371 5.57299988919
266.267820642 96.0573503272 0.124898949621
36.6541795487 26.1479442255 0.392627305742
253.070007114 276.710918546 2.85424232236
190.69911947 171.382043417 2.28395610484
252.770577587 47.7126128362 5.09403578406
173.609342401 463.124033337 6.15857644449
348.195096867 86.941705383 4.83538559028
149.2588309 173.636418593 5.86114405279
69.0910611395 262.825997103 1.67385220115
23.9127039502 332.36602845 2.72208525165
146.607269261 44.8829077098 2.80421747904
233.152133596 144.231120328 2.00903751714
121.400198453 424.098981832 0.348740422043
89.9495827841 186.79928378 3.14703039514
184.484906132 94.6540417322 1.67146801427
24.3886239021 186.838641487 3.95896933301
90.5647638622 241.305719462 3.14096541679
71.3595240666 241.825516292 2.72950350294
286.183029607 332.254589678 4.67071350706
38.8675109632 446.668843264 2.39158263858
262.080642617 157.052923371 0.593696411519
167.590074161 136.888000916 1.96640293259
116.736085719 36.398783771 1.8476560504
250.427725436 64.9912616209 5.62772554113
169.566043852 229.80727802 3.4503868786
488.998082166 15.0042135805 6.20534297282
0.202103124095 218.085769118 3.03401508158
450.107860776 152.614263089 2.27975678404
81.9224773751 131.630823065 3.52874967226
32.0790576092 209.087175584 3.02975036846
343.673148358 429.761295648 3.7622514149
39.9680962901 123.33663739 0.32766108871
73.3665087617 478.47460687 1.42807612656
135.534411266 375.748057927 1.96689056377
57.4271846846 433.356777373 2.76355608343
70.2344421492 71.5694476717 4.651141986
361.664621601 119.528165187 4.68907671359
141.263128652 83.3966047362 2.3971028428
268.210569616 31.0145532731 2.89932460633
138.778352493 97.8536670791 6.20316297038
33.5522674916 404.162216376 2.0229605169
237.475951426 109.219414049 2.8210215311
125.655669524 207.416695174 4.60899658474
124.151744505 89.5159725907 0.449301522021
285.68318124 185.639150604 3.15328439597
37.0932236429 460.978524966 3.94045446014
137.248534821 131.470696954 3.12172304157
244.103959431 341.721040961 0.314665196832
16.2982333598 166.976572458 2.60695514771
71.6024403429 321.870639637 5.44930332387
189.827373447 269.86444927 5.07990529309
136.781654387 28.6060921762 3.35250572525
216.409419581 67.5172970403 3.92958175869
105.683964886 157.457529844 1.81403526901
218.643779472 37.9271200889 2.75599295165
22.6662453906 262.05809447 3.51666418439
218.571648857 4.24585141879 6.17135408977
162.448516158 8.97990422199 3.13046019441
118.907860646 155.191647146 6.17675097121
163.343550382 312.201736814 4.38325106926
