0 30 80 0.7853981633974483 500 500
55.7538903046 133.184976922 5.0212660713
257.667538303 283.68277718 5.41212295036
224.973727971 243.10169401 5.24799460016
261.370375482 41.1493608628 5.87882563266
93.9472762324 74.0633101166 4.29100049428
11.116612574 159.682122502 2.34197672325
15.2267010125 135.380031055 2.17612905851
22.2341432075 90.3975968491 2.93715407091
93.5393969181 141.509286146 5.39931329835
19.8678986399 91.2317076114 2.90615831016
353.672779018 478.993140515 1.44578228685
6.52304566812 49.0682284415 4.9678073903
343.328864183 264.613216178 2.516064399
133.996967455 40.4953474005 6.20565059691
125.059306307 219.322476508 6.0791593432
494.385179818 249.788310074 3.42253734371
177.206173275 461.157378052 0.0422627464225
99.2425141467 34.9398861598 5.38121273456
233.676630842 52.6301798438 5.9370784177
2.34207764478 183.270344474 3.63968767898
302.4459254 29.8589636608 5.23645182016
16.9673098204 63.217315391 6.13995864616
327.503472533 87.9385243873 4.57678689072
212.77124962 297.142692555 4.51562942501
230.947743197 449.538545318 2.99344615073
152.26287307 479.752594631 1.11693723597
322.701689155 281.411855969 4.41072691742
369.143010511 257.219621342 3.51913985155
172.21247872 251.92028888 5.18806584966
5.02199227138 261.035290036 0.807651745444
