0 70 80 0.7853981633974483 500 500
125.122525785 31.5098663841 4.999158951
128.782275721 84.0392582109 2.97173611771
83.9799442731 210.314619387 0.0156680319991
18.0097619789 424.467353989 4.16426136284
142.433816799 81.113741957 4.74970670724
255.625190323 33.6185687626 2.31579735633
138.733215419 155.112477328 3.82690010388
134.563590551 491.804497879 2.15326866582
206.228355523 30.4760849312 0.425223725716
228.212735355 178.977780055 4.2456028344
1.30436374455 266.333428026 4.24951408848
344.418422998 334.302965002 2.29622166827
202.637109289 31.6919812734 3.3303930438
141.512243933 2.30529987632 3.45914240696
394.477167976 329.348853329 1.93700114195
131.490259868 433.646890378 2.9950711355
395.680040889 7.75627384438 5.40890717892
124.143702579 425.188078588 1.01334194672
440.112245821 120.00512033 1.72884211093
111.315060633 138.694489733 5.50253669042
70.3559012054 407.862055275 4.34180548248
117.417577181 61.3805500191 2.72351844467
94.3927925725 88.4006525452 1.66527562899
166.606733752 37.7280818556 1.80338831638
406.804474894 251.773103813 1.11369507093
66.2912784043 27.7536832465 3.39161326226
457.017540343 298.799253169 6.21015692642
69.8579493545 122.195976704 1.52008907831
335.863343758 71.7509158646 2.52222714322
248.655507696 183.923159186 5.845675542
90.4873459982 55.7291222753 5.74002014014
45.3745609871 400.128082786 5.568452572
64.9794826334 255.875541639 3.76558192457
259.363896964 72.5374364169 5.43040252582
222.274274169 7.52492495533 0.589007582057
222.538387466 287.091429659 4.37085995229
44.0558393156 273.371341041 6.0540587761
54.774807701 74.7806180695 2.2395522318
263.342610532 178.241787965 3.26880303634
434.696346479 59.4758448003 5.17754556369
111.511142831 302.277144664 5.68337814828
11.6481283839 135.939142748 0.10123149715
105.281399481 266.419844079 4.42683840065
132.638371097 297.516997609 5.83535511983
119.378547055 288.89361535 0.424380257955
74.8050775725 103.53591955 0.81936326689
36.5024753808 32.0716600563 4.63980587342
499.203560224 162.086265247 0.418802658562
261.407909874 102.01788721 5.7614551796
172.033232853 24.5628811786 2.88871551324
232.14591928 359.509980525 3.94195946968
211.974244028 250.986079631 1.92656924556
323.054943817 116.352190461 5.3422427488
368.309122972 62.1833602661 4.29983531186
247.980859856 88.2823512564 5.09366973022
392.896429097 80.2339038828 4.63608140653
442.734942703 93.8766721782 2.08616546924
175.676594526 175.661273985 2.07208476158
118.920841955 73.4754296284 1.65287270083
439.310324214 245.071995609 2.28283128408
159.983210685 95.5207455203 1.09254663963
173.292111928 24.8570299726 2.45419484594
400.620821331 23.5538425834 5.17902995103
421.348634523 152.131529116 1.84614670286
336.58639081 118.479137654 2.66208141866
240.069065759 367.23290546 5.69648433328
304.113790173 6.70142281502 0.846947610918
272.200812617 199.104497525 0.861854298368
451.917898717 48.9213249466 3.16541404349
131.383399235 149.165833475 3.4656376447
