0 50 80 0.7853981633974483 500 500
425.433725203 113.659866665 4.48112018653
2.33596316857 18.623537161 1.25246717217
65.4953580518 34.4075397818 6.22301167823
156.668487543 433.013209568 0.238193898143
145.071364676 77.6086787426 4.65676458905
135.905985495 63.8372184086 6.27351246019
90.672112168 7.74254815561 1.86866957715
160.079310767 106.721610486 5.39207862368
151.132394977 409.157807889 5.88840144704
232.698378483 19.40366253 4.01398010868
129.012481455 317.629390307 0.28608593041
440.652941452 158.711028695 2.38993564727
109.812885997 351.591029998 1.44429026461
321.060904556 40.5604860959 0.336705425888
21.7858291641 32.9331232584 0.437761879431
418.929783198 364.247292177 4.35107593934
265.926659438 285.492837332 0.437589973694
488.19274331 147.792211599 4.89792884079
255.029270551 466.863160126 5.61855741176
15.7847915644 150.040661069 3.23454328804
185.953400867 96.3494332799 6.06819619914
267.834768705 199.190431625 5.01968656332
129.18997801 150.46871127 3.95310640848
56.709626105 81.4588957412 5.32127677165
250.993766702 62.5212290245 4.37017049842
135.418092198 266.214880176 5.91137246327
289.334659377 55.2718229178 2.48618716494
122.183615937 46.1847423698 2.24214088031
316.352823713 185.520714562 5.1352656526
17.175896916 292.262289097 1.19324913714
105.870944083 354.022135611 2.0315989104
276.494985882 106.643834705 1.44754614839
206.456892304 143.707449003 2.35910860225
152.093032988 142.942146811 1.11689177114
44.6891922899 112.39843157 3.19717281774
372.543534614 261.944929806 0.263177443306
124.668757536 116.53489633 1.87252055562
49.9442852674 31.5323379158 5.8558193963
57.0255367727 19.5924259098 3.49536757061
106.437061025 303.375483064 5.81884727803
43.0765764276 71.7663077231 2.09420135675
58.7726153886 345.621563077 4.44977438007
167.348263829 145.366537739 1.09828127292
13.6107796075 360.259325403 4.92352592427
93.8945848396 24.9524188577 2.17066797902
213.671570497 90.4493567491 2.2918630877
236.597484223 84.5457454031 0.768767177982
213.782065826 5.63839749539 2.28425324854
61.490029584 213.536165342 3.51106878394
492.355651006 169.219223969 3.7834605672
