0 80 80 0.7853981633974483 500 500
7.32854255392 288.431457479 2.13363783871
148.643727096 80.955393585 3.94420713905
242.851553383 158.209059775 2.89868666648
180.465542375 383.027756092 5.87336611534
137.777295429 333.549680795 3.50814316663
22.8306971047 137.55729868 3.94209852644
397.627714667 229.943589716 3.31543513115
49.5141880647 167.874354134 2.02028879856
126.375026628 30.5123543847 3.40385617945
4.40387012098 28.6966345534 4.26535947664
6.3266256163 113.531684525 5.2695669002
304.114069063 44.6449568759 2.87806383932
53.523210684 170.079567037 3.63033291772
240.439003575 220.007360236 0.850826917978
37.6061697792 106.393177993 1.0721849246
473.985438786 124.756678594 5.84800510046
359.770488689 62.6130374716 5.01255664415
273.594618613 32.6750603262 2.63061469041
235.605198492 54.0900067928 3.16860918402
222.82298164 381.397701518 4.25930680665
461.940786442 38.0510130546 1.20116188255
307.763393712 144.996303042 2.51439771242
87.9354743465 111.643919917 0.940883766023
341.806627297 86.7354757533 2.16838578274
297.992149847 335.995756495 5.93221851162
348.95230916 133.299305947 4.45568531622
128.078598081 385.804812806 3.74723524407
306.767805479 161.680572395 2.31090945984
361.209939125 414.275546011 1.06075966692
351.175947085 248.887129227 1.60730527468
16.7392888244 90.6333147471 5.15232721719
69.5750696126 58.1516914223 1.41677919832
2.20444465288 90.6914357307 3.39182311718
9.55098518822 102.984634108 6.24377440021
87.3508866498 353.161959264 3.58916801592
75.9250790173 176.228808476 5.57823028941
232.307153193 204.459800572 1.25658424124
125.212181973 307.351727658 5.37857444344
15.6290778941 50.3457793095 1.916255445
96.9066476752 12.4600006873 3.22708223169
198.565256654 24.1995311692 5.34518372379
91.2021561011 328.249161029 2.6988701856
59.4431128616 365.124891848 3.06202037371
97.0734514061 67.9345518117 5.08917735903
382.739329489 80.4232839844 4.59195789998
378.761173194 59.532102032 5.51104144528
154.852182648 97.959187731 2.50948645466
181.791826997 146.858279118 1.58293105297
129.97772684 20.1737339429 0.401813290065
216.979226332 9.35116246705 1.94236070691
73.3422205867 100.859993573 0.902955917598
321.223357489 326.305402736 3.24371607284
73.7658043765 313.724320716 5.05386825679
75.3506346235 372.831582504 0.134091017766
193.257321863 3.34421934059 4.44561884472
358.478522467 13.072671295 0.774898952498
276.927955881 124.768218173 0.45485990104
362.57634982 351.715395895 1.82898765002
95.6098287333 13.087853476 4.4233437621
218.205608013 77.8124033105 4.88652078143
91.0331258634 128.291030663 3.39014470753
347.410494236 84.5147540141 4.20116186546
157.474340889 19.3218015826 2.71010652724
147.916052335 60.9567457112 3.21629633512
18.8606238777 59.6533407812 0.443520055767
80.237144876 277.287331738 6.00633045439
115.860484079 196.255090707 1.49097397966
51.7904334231 213.04864945 5.29256977999
195.97362117 165.082643826 4.70111756042
231.275759245 28.5478592332 5.22159667672
96.4024538036 8.72887060373 1.14104719707
59.1226630809 57.4198611415 3.04481187406
170.035158425 322.114232204 2.30014334133
215.1016711 47.6950121226 4.66118809721
277.997668676 104.086641906 3.11598113123
108.528414566 19.4369136661 0.0757831952495
52.6676841892 101.37998667 1.34191410591
11.2690855292 467.817495751 3.40331716436
90.6753549909 0.697762591046 1.49302311735
477.199922486 319.322255587 5.75303627711
