0 50 80 0.7853981633974483 500 500
198.269444907 26.8974069104 2.1748485561
370.853271159 307.99806416 2.60737757789
41.4029504632 58.4501161056 1.30534233448
217.659935157 145.919892122 2.54951867396
118.330798249 217.857272324 3.33222985754
219.418802799 234.380625651 3.90687071011
2.95048803787 36.3899589657 3.09435668245
317.314773406 254.1718331 1.70489261767
71.9865792767 98.9558789326 0.0787806171504
133.281516151 9.77884760996 2.46430189332
292.440998852 159.496701715 1.95423853265
252.373096163 447.617739695 1.96190245725
287.048917783 214.497221918 3.19535439839
45.703689517 192.552833377 2.15134675632
81.0937971852 245.34948599 3.28673311723
238.674761001 5.59978859973 0.171627643057
110.751297716 39.1148686417 5.37740218875
121.386612199 341.793056158 1.80884312701
93.5290604547 165.506782477 5.28416710281
61.6340659052 188.875442587 0.690302150958
285.123453903 389.249623181 0.294925633861
298.640475916 94.5240803026 4.70076793061
3.27726380697 117.770748701 3.17056107309
98.2101313903 51.2344494427 1.54033133226
60.1714517748 222.634897688 0.387802238538
437.217482249 112.2363493 5.1895945333
233.126313214 7.52176961938 1.76232329956
238.808262141 173.869583215 5.92398267231
318.625006304 232.524363482 3.99076135036
219.697118702 8.72777756592 0.574342899712
215.10670059 73.8312360733 2.71872437433
275.171854408 496.119759342 0.17365254168
50.3736661936 200.874276811 1.31150504622
141.592717738 2.6351179941 3.34460101654
412.377350986 197.650623812 2.41308969411
24.9943230273 237.856276766 1.54110761922
330.974678062 110.038747605 0.287474998928
120.450542835 210.609985703 6.07620843809
116.809344815 71.7098828245 0.542156647137
200.081872915 28.7572539636 2.81368233754
479.257629547 148.549019362 4.65518299678
214.047215634 394.27930887 0.133230495182
147.296489282 304.87231225 2.57560431439
150.618829056 22.5927848574 6.08770606658
12.9530205086 46.8345129069 2.74548424204
170.355343355 255.418607589 1.31964207337
237.926323182 65.1505161024 3.89897079831
165.939652002 12.3877384381 2.89846201295
94.3489899369 263.317678002 4.13790326035
171.041326537 42.9497463576 0.112737381251
