0 40 80 0.7853981633974483 500 500
192.471087916 106.59783145 0.10918943193
154.651892304 24.8849530825 3.39384681715
184.40741154 252.903400249 0.510320839321
443.683625951 4.14211999108 3.90294869737
257.867538209 96.1036957318 0.656108865405
63.4885084581 211.049954111 1.05254311031
447.923322042 159.074159715 3.87397187951
93.4813468255 330.976378308 5.05490246179
187.78338879 24.4760069676 3.99814927378
131.466150285 107.617123814 4.80114317384
91.385787191 14.1622565654 2.10877321586
4.53132091067 85.8367736832 2.17199795095
98.9018753859 214.135161748 0.661860962607
175.722786781 204.413443926 5.63732571667
89.1629219229 109.855246972 1.78720247798
97.5747252163 61.7914843874 3.59561402398
331.837462489 63.8383825283 5.41061712586
32.4504959059 1.80689698761 0.749533123218
14.1475645429 320.250644883 5.94819658261
261.493745559 117.985722374 5.18198601557
100.515327262 357.614485036 2.22625713782
120.717651729 497.871588607 0.426357077556
307.961695845 112.281532738 5.80114831363
190.039729855 352.6057853 3.42631540535
479.472426704 134.18239643 3.63376249442
253.694068196 97.1422449695 6.27360333179
242.31649203 284.729547447 0.780592964094
128.533058524 195.614922232 5.76868665387
250.063135555 110.916490397 1.6019404391
250.765800796 51.513636479 6.00669772628
242.986236524 435.836839855 4.10011072568
355.972964665 285.338619538 2.7973844558
327.267210974 64.7478983073 4.3439603006
235.84350194 313.636380858 2.1778590882
137.755267495 231.551781559 4.76542681448
226.042282627 28.992076117 4.1745942139
50.4720108722 37.5309480232 4.42459709839
271.95585059 1.34892135691 2.06866550181
50.8219841397 306.303589706 1.48546567659
28.000006621 272.501096008 1.86865250182
