0 80 80 0.7853981633974483 500 500
37.6963025313 331.376384412 0.0908594714815
13.1847291967 316.786656391 2.31352821083
310.781515386 36.1227635629 2.09382606063
477.176142641 50.4672524177 5.49619135638
87.2286041724 46.131211322 2.899590916
317.595460441 150.169023499 4.58084823559
33.9636756917 145.713298601 3.15270313125
39.9456218937 22.7900361462 5.62552438546
23.5932213345 17.80872859 5.86730761069
222.535482776 205.546777471 0.122687461059
177.789311305 339.006437648 2.252415842
214.291761406 346.428659869 2.98320003744
499.775818479 252.369727529 4.95907906937
406.152998804 19.4342097733 0.355375750313
103.949587666 179.007186749 6.05104187077
253.556653151 67.4594144345 3.60597193308
3.10835220231 409.479594279 1.21637617992
88.2611235819 405.942834683 5.82273978833
22.9662585072 54.0580205389 4.69529864411
85.0940888491 135.27447681 3.4108273405
176.02919031 203.849102433 0.217681918168
57.0037671105 17.2185228438 4.76352478407
19.6288503825 17.9613853744 0.283290922399
189.483316494 391.153816168 2.1504390777
294.572574322 31.2629016055 5.83103299524
419.531590832 430.846317174 0.885305302488
62.4361261117 344.175195464 2.19591727082
30.2266733379 49.1201811276 6.03999657669
91.0645154646 110.770937334 1.15970394958
167.016224475 170.495073729 2.48532955752
115.300767837 41.4110873927 3.25422283958
428.515870177 172.66670971 1.34406390777
200.862986967 299.859283227 4.66856239268
207.478373151 192.960209303 5.31658177635
453.942089771 221.026010549 3.61877759137
225.859083355 216.802253215 1.69474406818
273.341093689 314.428762674 1.67624803817
61.5407299695 105.040186317 6.02923356478
10.3235829832 170.571832797 1.19922984902
53.9185126779 140.675245784 0.668188961056
169.56283689 153.145373857 0.797751314431
159.678441287 41.4721637113 0.182442610034
126.270954252 266.26721517 2.13775853824
127.834112225 335.796042398 0.968431795255
425.103361215 133.635923304 0.239698866447
192.839160676 168.110179741 3.5043538367
363.013103646 106.135218527 5.08618685896
29.9540363569 499.953654134 6.0110106837
120.831468218 365.526849389 4.3809295038
39.6724694876 81.2663667861 4.24823583188
109.602819218 279.754692418 0.28170169439
355.380132685 96.4923557351 4.13583225938
157.670803023 101.091123037 5.25224315287
135.04851688 129.273818712 3.78092173574
35.0961859429 351.09878627 6.03490906796
11.261885546 118.536171145 3.47713558423
165.479824174 31.144692312 2.98981222114
83.9032897978 146.194144601 4.68897357073
190.311166654 26.7890712261 3.08057156706
56.9081446758 35.2412944885 0.201182959244
449.432028973 129.895841773 0.803196686931
478.676991733 450.531211593 4.41189576114
5.66693733334 204.077253532 2.12099348049
121.337433475 105.385441761 0.211325685357
45.4681345172 21.3076987563 4.90567302021
49.302929628 346.048499824 4.26174521523
424.415589697 82.1813702412 4.14724122963
359.920621025 120.007668877 5.00066903231
97.536822632 313.970615969 0.803354872544
13.4915862852 100.282355166 4.97405092701
21.8739278481 453.059541471 2.91999676169
362.106656812 50.2759385015 2.70807960957
278.739915232 42.4733105282 5.83089791675
38.3582182847 17.1514872132 4.50740595867
32.631620815 36.9281619881 1.04219704426
440.041181613 261.725513099 1.52444955343
326.857591932 17.916401599 1.87614776257
100.705153596 44.5557190664 1.52874532434
73.2905178335 203.207583813 0.924155019257
67.608505148 173.321515671 4.29263690394
