0 40 80 0.7853981633974483 500 500
10.66755941 35.9044892962 4.25606433814
18.424377633 188.894099663 1.03755547118
228.410908344 52.760115782 5.3677379153
51.6413845924 326.571172486 3.41265140545
91.9720579396 420.350366739 1.95875509084
98.3345475928 440.546207955 0.136472198421
86.6623269334 215.184324754 0.0811348334303
171.904082545 82.7804394433 0.749901292697
90.0975941457 369.666826167 1.49724137867
204.498180003 396.356485557 0.093103069691
372.643198558 23.4292375345 5.8254301622
188.949653854 143.204951861 3.40149647903
126.382414774 321.990822162 2.61682422395
92.3491994253 326.92828708 1.69097264986
314.832872191 435.941035876 4.63606336073
184.736381323 300.183512666 2.9821130329
133.091853268 91.1068313853 5.26448636474
67.7863262179 419.781948257 1.80195809614
282.235833158 87.2739717663 3.20867846443
253.071853518 156.133563546 5.7944165098
109.67965592 409.402711087 3.12692944226
162.137329834 161.784887373 4.85741213944
49.7587797619 13.8089312876 4.17433854551
118.795687282 14.6126251436 3.35809260471
71.7634179478 205.614824692 6.24673570216
115.305196305 374.761437407 4.99962910796
26.1214670127 269.092939748 1.46098989334
205.860455911 468.883416899 0.562813010623
239.116875532 311.138323046 5.83086328948
385.274425595 120.170957797 3.77604540142
14.7768084381 381.687859278 0.386209551529
49.4440478613 162.666443295 1.11902797079
145.535014389 195.905961337 0.726467450995
100.529111291 163.49787054 2.7360356102
147.54834534 55.6744025081 5.77601706848
167.451557272 121.692006419 1.57205064675
162.631568713 261.491318709 0.991712146694
62.7133882067 92.1430094265 3.98126428835
96.4182961728 270.563910566 3.4407513981
105.273353357 52.348209389 2.87489326792
