0 90 80 0.7853981633974483 500 500
38.0338304536 378.210868288 5.99423952782
67.7560741262 136.689699408 0.870266547455
139.370673825 13.1585765655 3.85974871997
222.507921146 371.6268861 4.07565454617
264.694138288 51.1920974369 6.07210614591
57.3998357336 42.1195860075 3.21489873465
225.886606363 83.5549291813 6.12267791852
33.0456277286 438.36017074 2.33523770763
188.873718928 298.420297059 5.52285969744
1.19444319464 91.2954641803 3.00844465856
50.3472972252 154.609708828 1.27754554392
52.2194166175 172.937689646 3.70977655921
34.2040600819 77.6143949642 1.76865399464
149.30135602 69.6830368788 5.35722859083
433.786652611 230.41873538 4.29629234726
21.834845654 93.2005224388 0.0843073357567
16.5425018272 341.426330721 3.05135116003
29.9618147426 317.631326592 3.07761096804
443.284669226 35.4715662912 3.49845198442
327.489668225 150.676772927 5.08360213815
218.103963857 25.0831401554 2.67085008039
71.903973799 132.840824995 5.48022667862
142.083466456 278.240386635 3.36646288962
478.634269119 171.634277873 5.07326683327
393.151500469 21.2871587891 4.40248673634
41.7278849032 101.622773274 0.575234342867
68.2953029599 39.2117789286 3.02778896917
384.404437003 20.5335676874 1.6147250527
36.1855560005 422.106168844 6.19670580203
180.850734554 487.783608143 2.0780814361
7.20113020452 183.548998059 1.51216229815
245.870340491 165.967819605 2.77418775741
112.0268082 370.809554215 4.65211553285
309.752769544 228.214756262 2.08207784787
486.099705352 38.3407379011 5.46650483596
169.704174679 26.5898006841 2.14989273928
128.205071839 411.783867934 4.53955001184
425.957817775 35.1537154034 4.87667903049
225.944741173 63.548023001 3.6824802613
16.1489890864 335.773215155 2.72043391175
225.607596034 66.552944666 1.74299192565
46.7090280755 88.9229670609 1.88284481361
215.033393975 73.9016274376 2.78655234071
233.73383648 150.624957121 5.60561699519
25.7439379816 424.462733384 4.59851925575
40.3546523827 495.980621043 5.47258546949
179.843037404 288.056944249 4.23127105845
484.631272385 348.12793476 1.96463957205
459.939354748 456.705368578 6.0345674891
85.4288121129 217.521013121 4.44858787999
78.5695285652 203.262924028 4.21920372048
305.017690483 481.614969691 1.86533018011
55.8426799733 61.491213724 3.87390056946
67.0580758659 122.542221013 5.54371073771
105.825611536 56.748829692 2.72806791137
66.4150542207 54.0846910415 2.14344304839
9.77592485319 312.330503233 1.85180450814
322.907861113 387.391252266 2.01801393585
358.240807925 132.586749234 3.67602481169
341.391880405 218.488406578 0.124611015841
84.1292661858 85.8038807074 4.9625946443
3.86106147351 74.8772584148 0.427154846745
165.455604717 258.662322852 6.22400524724
141.318584892 466.570209052 5.40366222396
240.79077295 469.021854509 3.72850939513
211.850018803 189.249896674 5.22807183418
292.684083743 196.024949607 1.88358942198
281.303911233 409.639449439 5.32442580595
194.277138731 112.239280981 5.94766929057
39.5210505112 99.0439605005 4.72952952559
288.845145865 192.493023625 1.16625721861
73.309199399 322.903661984 0.59359623878
384.861492553 289.847830154 0.558525271751
11.1976543314 38.8671291747 3.58513531866
170.67586647 76.0231268673 1.98911077555
108.588541641 81.8653700756 1.70150863152
296.15381366 228.063441793 5.31619550482
213.252784815 6.6768326686 3.08302408422
259.240133879 429.123963565 4.08474652631
57.3408433994 71.2551434324 5.26643316206
74.0237746336 83.0330253203 0.734831436597
12.469205531 356.448692783 3.8874340606
60.1132888209 115.948361825 1.11199357179
94.2481960411 348.658570104 0.252218692646
103.414498641 86.4824517501 5.0532845343
283.342158507 292.528649473 1.48496275504
306.016388134 78.9377272046 3.12462089146
227.080000759 17.2987966167 5.90702371719
126.73858195 15.2099073183 3.54816955401
453.690492943 191.924577314 2.87454361266
