0 60 80 0.7853981633974483 500 500
429.858055278 3.12587956041 0.378400725699
315.781218887 92.3537207182 3.10932436283
337.747520447 412.4185818 1.36935797228
247.449566899 17.2777875685 3.04110384646
365.870402618 19.3626834092 2.08599708473
215.379305142 74.1970012584 0.211381229523
11.5274041197 94.0027440641 6.2127851865
321.379413926 27.7617580743 1.92788140703
75.2434634647 393.256800498 2.00648742673
219.434993993 44.8748774201 2.42894911081
297.969900115 234.922019748 2.3544050304
433.79959591 239.225151624 2.82904281148
411.303879468 6.95234677415 5.32250952848
262.259348643 428.962550107 1.24324737545
4.32386323786 241.202611668 1.18156521283
389.9665149 119.925373329 3.73450231231
412.671217241 9.03447685439 1.56180148246
56.2655479765 235.637905286 3.29254606593
18.6060604692 105.611252785 5.23074942187
302.406648949 73.7066618647 0.210917039689
230.276239652 105.977634152 5.81410147565
390.158365909 217.351414624 3.99571012576
68.7960327731 149.283775501 4.95141599112
42.6141520628 323.809211723 3.15122632584
421.69306979 271.297817974 3.96023208421
447.561829385 496.704498617 3.80249473613
186.043957265 439.688340676 4.79296292505
409.006901499 437.884912169 5.69525416587
198.106241963 271.325503858 2.17047630786
321.971471243 188.339356422 2.3944846965
212.995557733 50.2486771782 1.69826140913
227.36055642 59.7509034421 4.64016935198
125.864658824 259.404413023 3.58088245477
15.7472472135 47.2525111654 2.89039658419
302.683206736 377.406466534 1.15165610752
330.585357848 202.903546212 6.00490728844
407.706693029 310.03106224 4.78747761707
60.9107351611 81.6370352741 2.97950474042
121.468900563 129.042106936 0.405824145029
261.302266918 65.6859352056 4.71031446902
53.2251399965 140.488006855 1.13821292503
9.45673096847 115.597949327 2.36181496634
31.9013232099 359.969956836 4.9879713412
99.3046966639 13.5332615641 1.42402262805
92.9625388569 206.634443459 1.24969104466
39.913404427 336.625138352 1.87470260639
93.9642037359 265.803064804 5.41985289617
98.0516205313 53.7510625037 0.223765628361
389.706409884 229.382537684 1.03281764971
323.543837743 166.626905612 5.44665842129
21.2516398965 156.808029279 5.1652187866
305.341394784 138.114552819 0.445910074263
67.8389324642 478.466482866 0.24912939359
4.01698654439 11.7552094533 4.43731818179
9.43921817655 150.002384766 2.19449481771
257.869731255 0.0865413192631 5.54734136999
393.928641896 103.939815015 3.21581769123
221.684841402 104.614168914 0.757538851023
74.7838169963 391.812953296 5.80074649789
207.471849756 73.5648002735 5.59346415145
