0 60 80 0.7853981633974483 500 500
39.8277265099 360.616936498 6.0037649203
280.656841361 53.6155140748 5.07834771777
133.155383653 102.29567453 5.64967998844
85.5668548556 264.631057824 0.875943400712
50.5441231218 83.7675750813 4.47122457132
100.478232366 0.765660316331 4.06671103315
241.68372429 101.675436827 1.38944297941
34.0019929705 6.29394052044 3.02234090989
45.3577213474 237.059455702 3.0559760864
95.7951141962 126.183458429 0.150861767975
155.447530777 36.1465773465 2.48304334903
100.00469288 410.79107192 2.08668852495
29.0791425502 57.1459705958 1.29223119683
247.199556007 158.101479899 3.14496988802
203.965521382 59.5270402513 0.15227576533
291.211684173 19.5452661933 6.03301048042
5.26730116322 24.0922523757 0.981429121427
110.6258863 27.2181684763 5.5875079444
10.0720361295 301.373641126 4.77869215318
281.403874667 256.796650682 2.27127088998
83.6842955593 148.900291674 1.26287728886
94.1262271082 27.7782435581 1.93915841252
79.0196351628 221.825485097 3.43550807674
227.137916044 11.0030061733 1.79112937568
183.338200988 77.2223488192 1.98096113591
74.0292342578 198.759669875 2.6265363378
85.9140770733 33.294214504 0.568956928061
50.4931702232 374.650651164 3.11091136497
105.942013429 371.139100602 3.98881974069
153.949715852 100.263056342 4.33807130534
289.788970315 93.9249974444 3.55691268463
166.508154985 107.940196875 3.55159751788
152.610843704 267.200305033 3.75166743141
195.698804856 30.846479666 5.20969430187
254.633646469 360.203762516 0.23244362616
74.1984181154 127.651919806 6.27468606449
83.3790184804 396.157022236 4.22055811622
252.43450679 88.7712174999 2.44690602023
32.4220392298 32.4644046557 1.28014278765
105.162369024 90.2697531708 4.13306488219
142.836283501 66.4843757023 4.84882694777
354.657262404 80.7339749573 1.81528050629
56.7331769815 407.573246999 2.5971811227
283.991273168 285.829518817 0.916897567968
52.2500292845 393.529573285 0.267223230419
371.163400514 177.569683778 0.807147077748
47.5335042449 246.57829945 5.49791122417
32.1222349098 75.8170401161 1.34168730209
194.959038842 354.26356579 0.320038585048
151.560041044 478.7132851 2.42541350561
5.78422143921 305.345411825 1.70404900961
491.797671192 19.3749309346 1.32816934888
196.034281488 29.1815025898 0.142980639397
27.2145964428 277.584887176 1.49992165947
13.8655353832 281.588669628 2.40091941535
193.659459537 22.5161671461 5.41518005891
88.5301905083 135.58961396 5.64394526795
333.418531476 12.5344213901 5.81295545169
330.922485044 124.2527682 0.0266857791225
105.826154665 68.7366697139 2.36047583631
