0 40 80 0.7853981633974483 500 500
472.116888022 251.939321094 4.79462372129
421.050557147 54.9811190045 5.96654103344
446.503175567 82.984477389 4.99276836538
213.475479937 145.611857904 5.73857805134
167.495146341 449.198728966 4.30211650996
165.370604336 253.467821889 4.68723977756
22.5402169046 496.885001986 3.20011627269
234.801797136 126.461382086 5.17542284674
10.2711874328 203.357540416 2.32942054264
180.203468501 99.9065610656 2.23363411904
6.5979818376 373.52690049 2.29179085818
64.9086471266 466.407203941 1.23527330229
345.919417051 94.6086074261 2.97401293912
14.5674764371 210.22894139 1.39574571327
108.362886789 142.684877918 5.65895266135
179.057223238 61.4722188552 3.61039346367
116.490370677 342.566436398 5.41610622153
80.6287092472 158.282192316 5.07639255032
147.459005815 87.9678351119 4.55217378626
65.1318042457 45.8923397815 0.434727603964
188.629636941 149.44908241 4.73912796143
18.8779311457 311.028920424 0.777276669428
18.2711413354 254.975186251 3.72882885013
20.7169394989 118.419361181 2.24446523224
156.806377745 85.5146447194 2.25464157526
69.2384551685 360.753368672 4.65695518303
300.092675324 223.308355818 5.98227109088
98.2635741643 14.1281112357 1.22377934667
320.4973272 60.9967213113 2.76279568668
20.0645389561 60.8000512485 4.87931932684
313.412738156 27.9924775969 0.26093160115
128.229602292 167.60789967 2.97385059942
41.3322813921 54.5886735102 5.60526701967
69.9259321624 58.8742631626 4.64824502331
311.408474045 78.6270680281 3.21498924744
159.052140956 336.830850751 2.61206541025
12.2390775903 91.3962149787 5.79767388621
405.585019685 18.3870266861 1.51956228114
38.9362089546 178.181672296 3.36968835831
171.295944694 250.322025833 0.874911802034
