0 60 80 0.7853981633974483 500 500
37.4405899363 67.495130517 2.47923043169
63.5869795181 146.648634739 5.10808823001
64.3868682235 171.191217481 0.118441565349
32.3754190431 40.4637534145 2.21645562811
383.632605181 169.551891775 0.665848537131
9.21975222791 11.829429727 1.17275731336
160.251064048 231.809974035 3.09091613478
44.3993163831 139.493410096 2.79709300852
255.619066581 182.949597012 2.08207155438
164.231989162 117.216142226 2.27904814444
173.73600583 210.135958296 2.98973321219
432.270236018 167.442208332 5.42510645487
219.909588989 133.795486919 3.3562293035
451.145210205 349.473407121 5.74677354232
11.4689419965 190.271101206 0.319405606985
432.486303898 14.652695514 3.37959000823
51.1520471717 8.63010342977 3.609033681
111.016404764 5.2438650824 0.0732351750882
7.79368990905 474.93590875 0.351244575291
47.3037091202 57.3106878562 1.22333018818
257.466797061 136.600312114 2.44478548742
362.328203467 340.809212019 0.289627148481
122.35051128 389.691707647 3.09950796468
88.9064335443 118.452600875 0.903405562637
186.077605522 333.185311635 3.32768038492
224.666055801 480.766691754 5.58656539166
143.694493564 18.9708315276 4.06140151469
454.661760745 18.9700373032 2.9727401857
41.2626038886 142.042568701 2.30540719137
467.356036156 316.950522538 2.71115692682
311.638778234 59.066145946 0.112826285081
12.3103956416 16.0883004251 2.38269971913
47.9559329955 61.1357964821 1.38814890172
155.812505865 22.0754377548 2.89381045335
141.158029006 289.513265693 1.44706421657
190.676105592 377.476978122 3.41554113661
2.85661427596 20.2126469844 4.05394804359
51.296590038 95.5026825879 3.00786106627
157.20654424 34.1011647793 4.26930719646
48.6109274186 209.527899152 2.15010328264
157.632002653 36.5517908948 2.82149986784
246.27381437 414.467378753 1.2333095188
230.378774906 344.531801359 3.2622403384
199.180592394 418.306576299 5.93735488865
188.983553867 16.1333059458 1.53687956233
88.9154662505 313.251027033 0.439092678516
436.324222748 69.4590787303 1.90588140905
64.2816423254 50.7437871974 1.31091156409
74.4693150459 1.9382326914 2.65942657441
86.2781193291 2.07521370255 4.52132428681
171.370076526 57.8534113302 5.7870817751
148.579039409 365.897145466 5.26067618927
41.9062396152 371.826318257 4.98075774258
355.742028392 201.942956693 0.604135316604
63.5884741435 50.8943166793 4.86606266247
103.80560806 97.7636504588 3.62400649603
363.883164806 360.466807355 2.75305098408
183.158614129 105.797854503 2.60194469304
291.370548194 440.089299832 2.5637771714
190.816009773 379.583797888 1.0986228057
