0 80 80 0.7853981633974483 500 500
154.001288574 427.089301928 0.861136840571
39.6200090687 213.184142434 0.0811908603054
72.7438609316 153.49526143 1.71340466978
289.88289773 6.08227267465 6.2278573941
325.202756164 416.33653177 0.58814957941
20.8072903208 268.47897329 1.59391652399
118.612334783 55.2201988779 3.683417272
479.239906464 7.91331807076 0.397430289897
54.3994189543 377.629979087 2.83092557114
98.1525454067 204.340924445 5.09082959544
97.6169490827 258.764047866 0.966395153427
445.388943176 147.484687322 3.28034745329
272.163671506 286.027529205 2.63577833749
85.7788357268 203.588708461 5.9945031459
119.032829325 66.0994505691 0.216463572931
430.291473494 153.156464937 5.39819686058
88.8620245963 219.505570727 3.16067564947
204.201825932 251.893455994 5.00775039187
466.124622196 256.031438095 4.80034183233
94.3884216341 13.1337246551 3.50440173292
99.0462511226 50.2169814265 1.40029006304
45.9422239632 207.567305686 5.61306813565
487.953989078 27.3537931394 2.45154451506
183.369728556 117.117432643 0.854248952761
119.736791349 48.571227204 4.80409568093
55.858288532 115.102112298 5.83267488821
188.315346844 148.142260997 2.39955782197
425.747732294 171.268688414 4.40336028483
270.820347458 94.3379091189 1.41709941388
180.818953173 18.5927806494 6.19845632896
319.831578688 185.92977315 4.69805164407
77.0291376387 149.750919671 5.99073951234
223.052802704 300.375270637 5.26107531825
454.865657633 143.236209598 3.44105665247
28.0725689999 392.102453112 4.04773325697
195.745179284 29.8414312042 0.70622460884
118.237545246 26.7531872901 1.53207648047
100.063852917 30.0642543768 5.0852395076
267.766154371 307.244106328 5.69033272053
331.253626101 194.252510733 2.86189131151
352.399074126 16.6307385065 1.53630568799
1.77288615271 177.048446158 5.80387619805
11.2174138341 124.245131363 6.01162123164
114.322770345 29.7956666886 0.468867614049
184.277198402 69.3597624988 0.291936542822
155.962761535 131.196425798 0.919384298311
96.7596128087 81.928167508 3.74382852282
94.992031259 404.580768047 2.73127247927
145.809438451 115.392996507 0.148933572361
12.3809114642 431.465140664 0.261486871344
101.901826036 264.404008777 1.84543414539
485.082368553 200.784557146 0.325008685924
98.9556563202 370.208510653 5.77667430879
303.012287308 249.534198266 1.6353839217
79.1820425678 20.4060701283 3.42316511414
28.8075213198 202.846355772 2.32428710642
337.259880701 259.793703583 3.32232789649
276.740483313 3.99863221425 3.31435374777
37.1148819598 69.9767586339 5.34911157356
91.8787328406 59.6186485345 3.72916855377
2.19254861206 204.858491 2.39141810999
356.388984604 189.605864507 0.549721309799
99.3808878899 181.73862373 0.941160782582
265.296666562 138.75624163 2.74305265035
91.8307861664 87.2010023456 0.789413614747
178.211627988 22.8992073907 0.814845209253
31.136901026 43.3121162507 4.48423090559
53.5011793276 210.780788293 5.35783964857
27.588699575 194.992020695 4.79906013003
185.650902567 93.6491167254 2.67664996538
77.4092695912 31.2908848804 3.48113094675
17.6208465731 232.25484598 2.48402266162
115.57804002 107.44112969 3.7594094867
136.530647487 273.22305855 0.692955667613
108.755524477 345.557289316 3.17119061931
7.03425120944 101.705408799 2.53751273022
121.186871194 157.091685212 3.02307559609
151.149906758 15.0292310543 2.68538340688
46.3505178469 353.128732174 4.9243105995
192.068255965 205.188534044 0.402990696023
