0 60 80 0.7853981633974483 500 500
252.104372896 140.615183872 0.528285631327
96.0369828309 154.275438545 4.81663147326
248.755627382 392.246861022 6.13714241002
10.2475406749 473.98231521 5.92795899471
51.0130645091 291.400781962 4.38634922989
36.7189711741 137.999181103 4.72177260536
186.776671714 30.7633479048 2.06112985558
5.33288760108 329.570381397 4.31740614641
22.7479824387 427.601272502 5.77188434087
448.318133383 66.1300950152 0.451581247652
223.701439753 38.3650154039 4.13126802466
62.88099165 430.790570852 5.31275829537
273.807367806 85.3182090219 2.17488550291
161.147777092 339.523481475 6.13910756821
50.8171508516 47.5216938548 1.66666160024
226.95274923 96.8786934898 2.40133481498
317.557423692 25.7264696935 5.16993595868
1.51344220555 191.151245541 5.51045145339
227.224737258 59.7045489511 4.26752595356
225.054893315 74.3964413675 5.20220314209
112.51391478 55.6797811094 5.42725558301
69.8993497152 21.7662415128 0.158513049802
45.5328975399 124.766010259 6.23870539132
161.388836119 66.1282336834 0.443184889523
321.171770818 38.1848594422 2.75015730712
175.532981629 79.1584511884 5.14263986517
428.627914146 38.4305995231 3.26251379841
52.57285615 118.499213646 5.58219660599
276.203023897 282.224177015 2.54896191993
423.411474634 65.6079161039 5.12650383883
252.201868977 168.362459088 3.64155361087
111.1216102 148.119850774 5.93899393637
98.3379293073 12.4967086376 5.90972033305
149.749785442 91.5860241096 0.984537765317
79.143613558 299.892269703 3.76578219507
271.44073288 468.019207743 2.95765634251
319.965968312 88.4952439323 5.91359919615
14.1788490077 331.360728243 5.01058138901
427.738970086 309.637729102 2.99389632389
173.46705991 129.720601749 3.94807358794
23.0176962875 103.758988445 3.87017609074
70.5449956876 1.38258719815 5.79426919442
152.794195931 238.020524163 3.39510619039
398.030199633 22.4724375803 1.632737348
115.71019465 41.0012976314 5.51087809378
57.6801825676 154.72391502 1.52382238499
276.029848015 4.69984994348 5.44353125722
365.635060586 170.345213951 6.01418589952
340.782227871 286.742071444 0.241471083565
380.728756814 116.25631663 4.09352116439
74.6304051005 86.2005919892 3.53591514751
233.775645378 164.889996354 2.36341835563
223.409970208 304.173767041 0.615135205773
180.219664923 189.112181016 5.46418567393
254.92016025 402.04708753 5.34653663549
111.464771808 356.639389713 2.59180237288
188.078324724 314.693688417 5.96233958687
245.729551455 434.352994284 5.85494719304
91.0553973929 353.006036385 5.41275498533
13.4499198947 73.2273664271 2.24103966314
