0 80 80 0.7853981633974483 500 500
310.619763707 26.9706661793 1.35427578903
171.905151514 101.9698342 4.21029303851
50.5108828356 384.622648751 1.57462749462
133.394550028 114.40300859 4.74821932085
183.087154323 157.275137896 2.79988956919
90.0064486154 267.3672549 3.39399709572
440.228392655 32.6515741403 2.20337702755
224.769832069 176.535776973 1.56465373868
89.1339354225 78.3028799584 5.65305367698
59.6134884975 160.956001811 0.644612152873
294.76821567 290.279029113 4.06367265817
476.066100581 149.012422069 5.76478503331
220.928961256 260.576486448 5.05387963602
11.7504808459 393.068128972 0.850765705322
48.1695388943 109.970532356 3.44782150558
163.980870524 442.75515884 2.71790761546
9.13753495873 83.944020721 5.81937528938
180.931449457 162.256112286 1.42492349423
479.230104992 390.420095625 1.35115670598
411.383529609 52.004328469 0.633293415299
169.877770003 57.5079306634 3.52761693731
97.2424650935 21.071744324 0.137984739712
21.879328137 190.810766677 2.47298473477
252.549293354 219.191244109 2.52232138365
102.75946507 17.4731370033 4.23753359299
496.971818719 98.6030014182 0.802979050785
323.385596078 55.5372306762 5.03316928785
18.4241448219 103.984513762 4.65250028774
387.047936214 277.485699867 4.15729927044
10.328444249 13.6776931909 1.84158863534
159.498095374 183.324643352 6.22819670739
267.567591262 326.953079426 5.19420617074
454.806694624 279.552136208 3.88981197875
60.0169809119 109.019865821 4.42722980343
465.923387233 161.774121262 3.6946054078
103.36041527 155.074232844 2.32383805653
36.0680728373 77.3942639604 1.32415153807
72.5187557225 352.716128835 3.04149876544
260.233040275 371.184359636 4.18839076247
0.730795183435 338.284339176 2.14296267884
140.2649763 215.473452567 3.77916950813
69.4386399857 31.6953215101 0.441919057806
206.033194586 11.2119949277 6.09425018966
132.936252167 209.553711542 0.5592986857
50.817814196 371.513878026 2.44359662877
95.5793338322 29.033002312 0.954556292431
58.6450034755 88.4881003617 3.1484260611
206.407832616 259.4291875 1.98096425793
294.915939983 208.418190309 3.99894820149
124.572291562 76.6223637005 3.70583799215
250.254732809 430.012857798 4.04904102374
13.5664635258 229.025202379 2.89467737978
37.3446249287 303.82383751 5.03998248151
296.722743654 122.465635745 6.23809926869
127.491396432 2.90092633182 1.75807061781
82.3480294394 166.1435362 5.69902291106
40.5881905372 373.515426188 3.5672373804
67.7835539351 85.0676051708 1.32596822404
94.9726885811 127.085372264 3.05903002217
126.663268215 365.442282597 3.42098216889
84.945465548 8.53352330039 0.743922070927
45.3860359601 347.451824886 3.06418837968
14.1498430035 47.934918605 1.63523941274
106.290476467 9.08469750363 4.21546853253
197.195254345 450.950919109 3.50799384039
245.068903846 28.3087978289 2.09903948958
124.590867174 109.415808161 4.53756301856
375.527043974 6.7968156174 5.71792598205
100.267751348 3.4178232612 0.441546180452
54.4463848152 224.452473566 6.14765807192
194.011508121 63.1089598776 2.69691881318
81.9928424092 361.463667112 3.77757332202
398.644522112 39.6226069753 2.43037314087
281.038842244 170.93826609 0.207864542189
59.0391751478 380.77119774 0.347500706348
25.3354402613 148.899927375 3.80549571808
87.4692327083 417.958915563 5.05508294444
489.147000338 336.784863696 1.19810387416
264.031205968 378.077284322 3.73821048123
285.171356223 469.634612293 4.8877170917
