0 60 80 0.7853981633974483 500 500
215.594511965 237.973418625 0.14390478044
176.687609187 342.239942285 5.58740840067
311.422781201 298.937061212 3.58311307094
194.571082621 244.962314811 5.50848652486
209.243310557 201.593850424 0.0528057228641
214.400913632 207.475938355 4.5469761182
318.01481295 111.465475898 0.962041713977
96.0785466049 327.542414551 4.64087706073
304.815971064 374.348038263 5.94606204185
358.818851355 220.475485511 2.28672797386
327.594588988 173.242546127 0.134610957302
136.342283105 175.878964392 0.626170669481
213.047345926 438.747203846 1.20419530461
223.439931613 198.035494324 4.5639778916
156.040850031 305.865705154 5.77557065891
268.931085883 248.979027951 0.547994714972
12.2825781741 219.620198484 1.98027969722
402.564805416 411.749526646 4.12172781638
167.293644227 381.421839099 1.52058092151
254.270078466 383.314867352 2.79805924959
400.600274977 172.424117732 4.82514491136
235.891568349 49.6827860384 3.23659567979
322.388809687 326.6117334 4.9948814635
400.927712546 222.496020263 5.74298926212
240.718028031 243.888935962 5.72541143004
168.891452703 327.083366915 3.15382379015
95.8301861301 316.089979456 4.32890362923
7.56516919784 94.0128052013 6.2765821951
355.572987844 340.363746276 0.35659977136
209.916669291 174.517190583 0.270953276123
223.054744523 485.949825083 1.58943149564
339.754016586 173.681971135 0.433615123163
280.82702889 94.3100752689 2.58330530019
236.431172963 335.625573732 2.49941498258
103.618172165 171.140485715 4.7444662032
274.475205671 154.490403939 0.153220396447
164.641567432 291.085613887 3.46684990491
258.544392139 268.083853363 3.58133878508
149.622892715 201.882742285 2.34777817057
233.785827865 334.285945311 4.70440617421
313.268778202 378.727189763 0.544246458592
289.928411802 172.141083784 0.492965303151
325.148149628 318.931059766 5.82294154752
110.930824777 200.098016546 2.89969718731
240.060834439 164.172364836 0.279592578733
224.894491298 291.237201696 3.76197054087
445.199012981 359.354501649 3.20442599908
295.773612044 298.183454519 2.09300658674
321.081765287 169.67513568 4.90698646239
392.910801165 7.48144254547 6.0890357276
154.356778927 406.47050955 4.05287169949
117.343099391 396.588999859 0.916677005426
364.276361495 48.1213016275 0.641387608667
406.414910095 145.781870609 2.18099657321
355.508799416 179.963870737 0.556405595939
285.491659916 150.04130187 2.91089208606
271.670872087 117.458150672 0.16444663205
312.029328214 364.161222962 5.64231611918
195.434200353 282.106449652 5.69980263759
183.540968105 263.64570562 2.18941224229
