0 40 80 0.7853981633974483 500 500
83.0256869009 391.55140703 5.81523754482
69.0237253132 130.332115556 0.819943635988
277.29781494 244.108646897 3.66831058141
212.922637843 361.116781461 0.920307440311
38.0204330711 150.151663627 0.350833721564
135.281306809 220.679245739 4.94314399747
124.324335517 213.415903564 3.57930735498
204.071432909 270.440275523 5.73462118587
121.556241143 252.152147831 2.4299824955
261.295862284 389.223172044 2.62751792398
136.827246617 307.346784029 1.09568005493
368.254580033 320.522749639 1.32812000162
378.40434447 28.0018108695 5.43360087461
458.278913693 334.235390517 1.18935758291
350.10615049 128.054480777 5.5552311686
333.968076106 316.394258324 1.41434938375
236.100741819 418.402031801 0.501990934539
143.483180766 317.681852441 0.877897513927
200.488543199 251.324189044 3.19229331424
256.489481211 319.584940522 1.36898449472
439.654815835 295.820789128 1.673277446
311.366884151 158.191874424 0.706748166888
195.245633285 219.831590846 2.95163040875
72.1582561856 115.865359544 3.86831102128
158.823938796 306.800191898 3.26357995681
314.85518439 237.548096193 5.86882934492
337.789494077 266.37448461 2.63678546607
173.032291359 181.258113089 4.68525171218
281.602638022 306.123630604 0.656963632241
181.218850505 301.86427191 4.56045552609
333.517945879 241.208078676 1.00843254147
172.183192171 311.890612028 2.11104929191
308.549187506 187.046038585 5.3739488819
237.715165772 299.65343429 1.21699484013
257.271453575 174.324960646 0.902794327558
250.642837655 220.046729344 0.98963482971
390.688672021 324.259827423 4.1959920656
356.927117403 217.573419768 3.21692034624
407.273979594 258.206476812 1.45864499994
247.509471899 308.910781389 4.82279283483
