0 40 80 0.7853981633974483 500 500
5.05441137018 138.070530798 0.703440626986
423.581685972 329.056929357 3.02277086208
395.944959692 297.856156476 3.46189072714
282.27634686 108.014544085 2.75852643194
102.768943324 370.092758679 5.30339394952
279.081033765 253.597495917 3.15001768965
237.726234767 172.227274483 3.78123928614
359.525474528 170.26454608 3.82123928959
191.482836575 246.770232098 6.12065991047
162.254427032 311.089146212 2.66704572779
319.607097136 288.718931901 4.94229667648
226.547220289 157.455809909 4.24243756929
10.1104686689 415.412219284 1.50676292713
328.462386385 444.531128667 0.996124813409
279.924062441 93.4290940409 4.42269963032
281.294754715 219.233575505 4.51516782023
254.60717706 312.861067358 4.33256702274
190.237990024 22.6532939156 0.18237128469
305.744912293 238.791184118 5.91510412866
149.944848227 182.081359963 5.60096570876
352.871111921 428.25574062 0.406567622091
242.972912123 121.939090051 3.9863394421
445.7375779 330.5007876 1.80760534301
176.957434301 7.55755281752 4.41006304205
330.979017223 336.670272725 6.2497328384
364.093521985 295.332670183 5.76892810404
318.90738114 374.893805381 3.00802472063
270.520913611 365.970226257 1.47372396899
208.001013545 243.449775287 1.81843577156
140.453339065 121.768179297 5.37843499182
262.378897711 122.730217243 0.925492094898
318.934815842 173.663410572 1.97445143305
201.496076694 242.357919929 2.29707573156
461.33990189 363.754588401 3.12074086314
311.965555914 373.786419312 4.6165234018
249.916678065 160.72467105 0.223396930424
189.172590833 379.461078044 2.75143332165
214.732679745 255.112587138 6.10499007903
254.243515254 316.358706762 4.65493694057
349.519922681 332.460799467 5.52054165209
