0 80 80 0.7853981633974483 500 500
265.661369135 32.9319605547 0.222738466129
275.291370457 177.135760007 5.37321207509
293.450210521 69.3390566231 0.113142576112
317.151529808 267.939667071 3.34853124408
204.949861965 264.26215354 2.22746032604
53.9836709834 257.261592396 0.382002342435
410.089994753 377.690369768 0.0974664542517
266.567170539 262.01515 1.00697291711
151.351990592 115.38920352 5.11842732083
196.837879555 308.702560875 4.61989726278
278.699712201 171.326071661 3.59258921352
369.199764598 162.811259494 3.85853481879
59.5974653973 241.546537972 5.5444661601
322.318858728 347.235546093 5.90750584464
245.245518291 329.328326189 1.6687344184
220.989765889 190.203627589 3.58866042946
189.884253548 368.764637862 4.12535093472
119.539729112 314.776360581 0.574736908999
343.568447547 302.338219015 0.63473381333
143.776209704 444.932341886 3.14224296786
138.902819397 342.78874479 3.89237059996
329.460259372 343.603039005 2.55616341541
329.647980486 140.861221799 6.04202955006
274.680597623 247.888438067 5.98583492189
297.057429139 162.589420189 5.30890225627
275.328018049 325.447582534 3.39347293598
257.676666644 215.212883269 2.03090141792
42.2657406822 303.090245502 0.724952832642
178.259501254 164.5293692 5.27941587068
282.549527173 247.839391426 5.65377348641
135.846520688 54.7165141496 2.57166887716
243.26417693 244.752752608 4.37729262213
167.448849697 344.200674785 3.7352954423
183.572863103 193.056005846 2.49653242127
220.053110399 202.792397829 0.365121734248
281.332438177 185.711258741 5.62194556537
128.278743482 248.365483372 0.509222001151
284.910719612 195.957631035 4.59345970294
302.833937515 192.731256724 4.46364075476
269.269381266 341.214803239 3.35392870036
459.205326697 283.125077766 5.95376502514
107.456257197 423.738127121 5.92674186004
330.111557162 208.594605331 0.238817856083
258.63468817 452.51846255 3.58336978298
353.156138534 208.634674417 4.40745344145
123.143292737 135.439444681 4.99392470656
192.955446709 173.104257484 0.39838712339
324.064631486 222.637549228 4.89437187796
5.08770185723 265.655089361 0.381095716393
280.357186356 232.034805752 3.60275947487
114.332135447 304.788434391 4.60510151118
324.789233412 253.111631599 6.01335863222
128.401266822 145.354630451 3.20890477847
205.360774508 253.302384451 5.87275031831
219.988914535 325.610520109 1.33965860289
255.305110348 347.712413861 2.97117739938
335.895356184 227.072405328 3.7752145653
250.213530208 267.34105955 6.0455584363
330.352018457 251.787705112 0.638132443454
284.68047655 491.220983098 2.33615885246
358.16090998 315.882275421 5.07465806189
207.88794071 214.181604593 3.51956162768
175.858415266 376.520882481 3.06629845568
408.80511997 343.533715008 1.29726383328
231.419600666 389.373032199 5.66368514903
352.521720322 251.952140461 1.90856395996
277.687607112 357.363988688 0.24527601309
118.916105115 248.933208701 3.48941714339
352.991613907 282.578741846 1.5268108589
286.204857578 74.6245726164 1.23918348541
334.347590437 347.629557026 6.17781757161
218.43748331 188.156983051 3.68810998123
337.69874629 149.342316214 6.08420665018
280.944173179 268.493869079 4.16498477235
383.640093281 168.875846163 1.80133152738
184.040343829 310.179489174 3.67621651089
252.045109692 262.990991854 3.4864631159
295.44380889 215.025646649 5.71597607522
324.552966025 189.646332008 2.47133758499
279.785768971 293.691443285 4.1294120396
