0 30 80 0.7853981633974483 500 500
279.435406185 350.134503535 5.54839260732
221.501121899 143.455455374 3.42698853026
302.567698049 257.64895791 4.48660100967
202.836532594 298.64783826 0.839450053376
213.341856063 223.121331051 2.3008883598
107.178952818 397.41012445 0.452607319894
68.8908611549 307.750133383 0.545613741436
260.584271394 79.206150449 4.25237958689
230.214896164 152.207890076 1.92647159193
242.265674615 247.981890097 0.177551844715
239.655100344 185.405138062 4.07566101878
158.197956263 266.289718644 5.48614929147
308.920317374 322.429761983 2.60033357015
233.361964898 378.002551374 3.43420066101
148.489273642 6.83060010809 2.36695756681
152.970071959 144.846941414 0.339918739495
379.338246099 230.284468413 3.13597778602
303.796634665 93.259087636 3.76523848047
260.830156215 75.0170958078 0.961682656072
161.937993885 342.202906224 0.440216805259
207.166717383 292.523650992 0.234291048845
170.392262802 340.622524308 2.04814914859
7.07985710309 277.586025328 0.300999982909
195.18407283 55.5500920659 2.28907612906
296.834226422 386.723631129 2.88877437738
251.065624121 294.356889332 0.0133200313078
329.201547356 268.370944898 4.27046382938
63.2933824683 31.6942510767 1.22282073901
369.69992107 205.199390723 2.60496119321
437.719110405 328.548819139 4.97219191903
