0 30 80 0.7853981633974483 500 500
356.725323968 424.521541481 0.0466822496032
156.713574107 283.100506848 4.32235783446
228.319296807 322.141729875 1.54843874048
344.240510517 341.343652455 1.57076164451
345.289223694 144.333163724 3.40849298672
101.019066497 221.795042318 2.87109575135
302.248129016 245.816387469 3.19734184233
270.396470631 132.994325778 1.49221657173
338.966345178 143.263275671 5.31202555333
354.561685185 206.603719284 6.1954935308
439.011069126 360.872326517 2.01725295784
307.404220827 279.457781867 3.8849542161
187.436009353 412.044630231 0.164618337324
203.60268559 148.411049325 1.19731536693
278.14455618 246.29322503 4.65906884459
303.66705203 275.215974449 1.6959345753
396.947767919 152.414789964 1.71395557501
321.384624176 330.869142195 4.12365307696
214.071927571 232.175618745 3.39600084681
275.416215618 225.939258643 5.91320395765
238.388992831 189.234103445 0.119268798881
66.9601582627 255.190243631 5.96230245363
341.314351975 307.9219065 4.42157641225
180.960026492 302.757911989 3.16149557919
248.67099304 72.8689899563 1.45451662539
203.633636898 262.3312163 3.5386432368
151.250321821 433.900924044 5.22234262703
192.927299298 42.5700568542 1.93601306123
257.066680656 278.854619082 0.697115034061
268.271814518 241.002375682 4.17973055104
