0 90 80 0.7853981633974483 500 500
256.847740695 54.0998325938 0.399124315271
399.27856564 163.69178346 5.87814504119
247.304699747 168.145674426 2.2607238526
180.359251586 140.857313405 4.04528010913
261.261515334 284.906265522 1.82595607597
360.501571644 229.970207534 1.13772063273
286.568991877 332.986106034 1.57319295012
308.873831702 222.283759204 5.34000453817
295.157296875 214.798622544 5.52174244546
73.4817831473 401.986220226 1.9204521177
307.536431522 111.719718113 2.14471132127
170.842823293 186.453851081 1.3710306533
273.682487766 264.43504494 5.84683544359
191.722222909 221.767757196 5.69826302331
185.113356684 363.864563648 0.95778238225
173.072104 440.459238335 1.06834229621
352.548427506 259.718671007 4.57433345987
277.748401592 241.955744227 4.68515879732
134.004344115 92.6589424712 2.08997560143
122.544447555 224.916851572 4.54989424766
100.799017951 328.032153656 5.64091969948
159.119809238 284.133714584 6.20161778139
236.270359182 176.238213153 6.20492466042
196.281714434 150.614830276 1.30396728619
143.641964974 187.737252642 3.16994368028
318.936531154 152.091757982 5.2411492116
181.223086767 203.84858421 1.15853530129
293.479539583 283.689921423 3.18020286882
188.255491722 195.356573056 4.37238837207
314.270837184 438.154225146 0.0312867374324
168.352535215 384.115866734 0.919423782847
62.8972295219 193.826603719 2.57489098056
206.154193358 359.263602508 2.0597279571
226.395897553 294.495313657 3.41086252252
240.263200308 242.150091582 4.62643236566
6.35848259135 177.98593546 1.30871286363
184.82880378 194.269053043 1.55826239656
268.282497307 301.579769124 0.796785868146
296.634229969 330.582924919 3.22724491117
213.626053998 351.282482427 5.8783199906
260.290498578 133.190386208 4.19395995338
212.895742567 258.967019859 4.38152096528
365.032624356 293.060788382 0.481637229801
214.902458224 57.0382250354 3.86442741302
473.660441375 245.044864657 0.934063615037
309.838875614 104.29689511 3.43662502727
183.640412547 275.831985539 1.1828336236
320.610504364 361.138685267 1.04820899354
241.901850686 232.995257563 4.34943819341
155.073394964 313.103775209 2.25434253589
245.430555569 227.318675628 1.53132035206
263.770565294 48.674442142 3.32532132255
212.912351773 147.304254419 2.44502558528
351.161943109 303.166334488 0.353256437128
320.007615965 167.678529429 1.03261176001
306.807667825 322.088592471 6.25493846461
305.98818979 280.708704516 0.567695049196
334.799990252 293.64722222 1.28158445863
233.8142943 195.911148947 4.61937876635
250.693896533 165.50212908 6.15770374963
271.214506036 225.904146508 4.78467736183
226.010861702 377.934592704 5.00569667104
361.64299334 216.829448659 5.59868756651
241.005127069 164.108419041 0.580973503154
81.5399391511 147.334597385 3.18113146561
177.160844036 140.253388275 0.789470228659
392.81599867 302.068119543 0.922917100338
291.726667903 434.502979283 1.39360063869
73.7090528474 304.223193361 5.4311784359
141.210510983 234.447535373 4.73160781571
179.053386639 205.014983714 5.68281640191
238.21118222 293.367856007 3.52301400406
286.828878381 286.626112956 6.14631326524
288.695698062 203.222437654 2.95608027058
144.695638808 238.075033199 5.04999117444
340.421332829 242.162741248 3.35980232444
175.505418552 210.213077025 2.85332746487
159.655335873 237.877050281 2.37865365387
92.8225684807 368.920346138 0.926824246277
285.368993176 277.072301637 5.89373584435
305.235175776 245.471529437 1.7652930506
429.442638976 98.2156261014 3.11037756679
314.031283016 271.221552118 2.50422583677
234.24297901 288.895344485 4.00760778439
252.494818072 104.422469094 4.6160826395
288.668178358 231.550032649 2.36617395549
244.211135567 255.22628052 2.78276524726
216.779680429 203.941128887 4.44248881297
360.181276359 274.071829576 6.00083070756
294.444829519 256.063559656 0.0789529378471
