0 50 80 0.7853981633974483 500 500
320.038656147 423.663838091 2.1149470033
322.913087796 130.043191494 6.19600361573
128.837047239 412.48510651 5.41089099983
155.816342894 281.918739318 5.08005607933
204.58904562 231.643620495 3.41917695599
300.096425436 308.11999418 5.34211053218
254.502984079 26.2319792226 0.353686996432
311.91818458 201.912872479 1.75978296932
316.837472819 169.356145823 4.04404062897
146.534562291 172.673452004 6.06813733563
402.894041423 160.267100139 4.52596586831
15.2882521579 225.737641123 5.05779273514
277.196956073 77.1083636371 1.36666159813
276.435110266 202.21811616 3.92987836733
231.623530203 125.797231318 5.10614262588
428.66989327 282.360673984 1.10572652256
329.443377212 340.34661404 4.25689026231
214.199867148 158.529558196 4.56778348554
271.279705559 76.9189192089 5.12588440025
330.120637992 30.7415642835 3.25202195368
326.429000186 86.9322425484 0.0442040625596
369.614755273 217.155035726 1.56379646109
273.177431096 246.227283626 4.57733443585
166.623333951 309.742658394 3.83971472043
319.120560068 240.337551861 2.9346778169
295.790308961 356.527844099 0.952910869172
256.410247863 253.188378015 4.70125341494
307.637232738 170.951354567 1.12776251173
300.132417154 300.592250974 5.7458180715
228.382140137 268.294865769 5.42206734774
220.128717496 277.833670672 2.6964303873
283.285871793 284.452471326 2.36333350305
311.316653669 230.7535929 6.20449389878
147.168575856 155.319352023 1.73349767839
242.275235397 308.205227863 0.823290207467
242.435306581 61.0691574199 2.50296587034
347.85714106 145.339972687 5.44351884412
383.3202841 187.430612044 3.12886745578
331.988424758 448.835940535 0.5345671915
203.129102457 223.276914266 2.48061086704
225.013389614 70.226902188 3.27910903666
339.674623113 242.71302383 4.89662077952
22.1187963673 245.076438716 4.33233330398
404.893300925 314.682603584 1.67846231158
351.818679442 133.734561205 4.63707099326
339.790698497 333.078587161 2.88951968706
257.602983383 192.504052689 5.0440362082
180.596938869 268.110441889 3.67156036644
93.177182757 228.945647659 3.03797064834
258.958823484 77.6472490517 6.20551883203
