0 40 80 0.7853981633974483 500 500
73.707983557 256.842542172 2.84053167383
318.024735747 219.050524644 0.488624175983
145.128190402 238.609924127 5.07111515821
217.609662033 113.211791761 5.40946106012
107.003476963 291.151301986 0.168693936361
239.817898841 211.992530284 1.55696842577
187.578722076 361.451423887 5.72367103727
284.067694337 400.146091658 0.0867650479203
123.250442847 216.496280573 1.0081524256
154.181573185 208.538698198 4.08584273677
216.841311761 225.834190292 4.37653348241
330.382143463 182.911566636 3.07640637811
293.401348536 186.765883204 1.59122220471
262.377231699 123.794815824 0.320641645222
293.412289746 241.512331237 6.16200059829
222.915290423 143.053473193 2.78514845265
171.749364663 120.295420382 3.11941227198
233.070224112 170.151841666 5.65740122214
158.911622587 275.512070851 1.55349189357
323.955638561 295.228116744 1.85903109863
258.241062015 168.602270998 2.45825451887
203.702609748 247.300977775 1.00868445756
206.284572175 309.329547599 0.330525691915
73.9617193486 233.893743327 0.0643956654622
251.35208927 286.267829718 2.53492294529
273.182593796 199.469021968 0.249548864737
276.811676491 389.138178448 3.25380413878
249.773673373 369.278257355 4.08248928219
233.003594232 95.0447418613 0.692593007816
234.063935098 192.398225945 5.66378612769
322.008659304 180.841474325 0.661015530302
264.196985699 310.63787053 5.36657495068
359.811265912 250.283310717 5.1809584782
178.755063137 28.0305271445 0.131479799435
261.688168554 241.374831157 2.82851899793
213.891604094 215.877685245 0.307465822286
308.264020157 62.0219781771 3.30192107334
151.937807648 217.44700087 4.33618269892
278.899565311 200.090208323 2.61655995407
385.562556731 36.8043012553 6.21142334979
