0 100 80 0.7853981633974483 500 500
174.28195283 453.513805872 4.17283197254
244.698279386 392.132466245 5.99963358719
238.663648885 304.913171978 2.17266231159
303.538901224 306.290254173 3.39962484704
337.231008301 196.887134281 2.95672833386
186.783574704 347.964708669 5.64230112421
390.813406557 347.406742927 2.08684818518
236.041533672 206.699370986 2.24600144764
188.333591154 216.759063599 3.44141736975
198.502588494 188.183002474 4.77595645558
210.837064378 387.811544884 5.17404555448
317.301948801 315.125370074 5.68013640568
309.439874585 266.304767336 5.70721061961
348.269418978 58.538204204 5.96411295915
130.828654845 174.979326396 2.61798287943
71.7111526785 378.016102587 1.31421856939
287.68851044 259.120436021 0.518285837363
195.842348454 286.712133619 4.66459099675
159.20879236 265.447816716 5.65557262239
343.858128872 234.229299864 3.70863794454
419.441815649 151.438236379 0.983469589386
250.556042653 189.600057018 2.19250166166
115.048548901 369.784725934 1.52118231596
298.875977632 224.342458072 0.677391802518
261.529356561 337.946234213 0.309196919444
157.483423387 290.128658741 1.21829565851
189.053199056 264.659295026 0.201784738839
219.977574631 368.86609249 5.81092247597
22.9988071382 352.186726594 6.06272176681
218.075622186 215.764853635 0.153578326196
202.119939171 136.668426237 1.45606837981
209.832729 366.794811821 2.20185515488
316.624950695 258.605678762 0.0572786321523
370.095427937 410.548476533 0.110551051192
147.012115807 211.88059563 2.64784418835
250.207221812 401.346207859 4.69846288942
305.428427336 318.577730495 4.28478635457
223.93096541 277.911449563 3.81507447578
350.399878462 122.43444614 4.23474998132
207.302166635 392.299683834 3.61788614711
38.2625167671 198.235202737 2.16626790382
250.305697798 43.410438812 3.73715675683
327.173821954 220.483863963 0.643609366305
194.717041362 237.066394407 2.77749479836
230.940544204 412.396106838 5.07437863201
378.460307498 325.582644545 4.65620767873
217.804974957 65.6690899523 0.307170127125
312.761171149 284.134179918 5.73301374163
227.259344574 360.609896754 5.74581784352
167.391935192 207.212159532 0.354496610237
357.765819534 222.768051994 1.81631056764
175.954595885 246.936405216 3.02182634364
316.815233389 259.791205328 2.28528256515
232.364567202 227.026498064 4.33277950507
169.229603756 226.636465091 4.9093134256
217.986207946 66.8454291793 2.14710112492
143.870163529 180.400294517 0.0743539119284
228.442840875 238.798271865 0.142237145496
405.06690637 418.989857528 0.592870988374
156.119061483 280.798038593 3.36988699094
415.210627111 463.842456633 1.6534916963
261.409906463 215.919471068 2.86217470353
60.6643076501 355.14437765 4.91984993688
356.058184913 94.8031253635 1.76046393781
411.402405748 347.549581533 0.394333037738
325.732145241 55.8462659399 5.01276296922
156.821201784 4.6440328514 5.25582375296
272.1487959 444.022701551 1.19736168824
57.7690971386 393.986860108 1.67503132362
7.25026772504 344.96928333 2.12116673363
204.690171885 246.360824677 1.88770386298
277.249357074 286.970322611 3.37211751582
241.565659495 330.801833197 1.70499106393
250.673814962 316.067464852 3.0398665571
203.387051781 125.7471039 0.0235278703777
126.083989906 242.406486017 2.05587880057
416.576748792 335.525787062 4.62223750646
406.488891704 402.816275566 3.28290741062
379.229970226 34.613477299 6.17044128231
323.830118591 326.557259485 1.36153564162
204.696216696 292.49440705 3.82320967174
254.017164784 432.038659809 4.71310805282
216.940661418 304.13280782 2.07840473081
210.321201617 37.495697522 1.53432516971
340.588081691 281.29322171 2.09122636273
197.53908969 238.083089114 5.99699082397
297.58032676 346.74686479 0.294944496697
302.707077946 312.723463218 2.20826754832
163.926705779 429.811356386 5.949849489
245.737931407 335.231453401 1.82083009036
270.51095426 227.641962406 3.40116749755
310.539617395 259.761514935 1.79319951525
131.071033216 262.872680095 0.289957570393
296.464925308 267.903401877 6.13609388105
422.541529613 92.0918521483 1.47007745863
316.676104188 276.262755894 3.81221375243
326.957152929 418.988419283 0.513713746578
255.145464815 448.180224563 6.2010383592
175.247288645 295.890400054 3.9890653315
278.767644337 156.428425393 5.13849286965
