0 60 80 0.7853981633974483 500 500
376.980796669 285.957810563 2.70839015937
251.800677802 136.989726731 3.27428661723
309.944191908 250.934468538 3.6602467367
334.249507467 29.2049161305 3.43056290773
304.78898556 308.27322798 2.62017862491
200.188184951 167.37530107 4.00008882422
479.751920404 210.782538691 1.66661373152
137.792946034 277.36356833 5.03050752053
196.384669259 261.785841261 2.62002243666
233.567839006 384.186127905 3.31962841727
186.628422676 235.354002783 2.14495015775
287.88457149 385.553200189 1.76390122645
306.534713341 277.304044128 5.68820803783
191.836137363 487.861515069 5.0932670645
325.082015355 392.903384413 5.91996887538
213.822012433 233.943326753 1.22490986212
279.308698236 183.046418429 0.5005686433
253.930426955 268.916749085 1.20976102657
306.558240155 198.350822802 4.43293168659
240.335419751 213.964017756 4.69289557032
154.475055375 443.48953722 2.28969744962
435.318019285 158.754014103 0.854382746341
126.719387404 238.916695238 0.75579217348
392.50424252 174.78895041 4.39638844846
192.3633003 214.297246607 6.08057490784
185.925449265 346.60779271 0.868150506479
288.07833243 134.857384814 0.790730452788
39.0877635734 265.548519748 5.53616071502
207.983997543 289.471577527 4.07492584602
57.2141614615 187.843208084 3.98803725805
357.317210297 266.203830082 3.10003976565
299.059126663 265.203242573 0.307512464385
327.497835374 287.607557012 1.41781504164
122.149128522 187.138554047 4.12227315091
320.981644182 177.457155076 4.24082538182
339.672153964 352.370787275 1.1881124932
360.060158326 239.179708217 5.27869758806
221.115276126 85.5514727564 0.40407225703
354.641115541 394.120882079 5.71292278837
368.943961229 281.96241188 0.861018972965
158.983815675 284.797009351 2.26521980569
295.29453155 155.926295133 5.40383311546
127.434011689 235.727356386 4.57367860435
203.743210906 21.4779299795 5.34110468609
368.811806927 320.80643756 5.58951744786
131.363181642 199.321491452 2.49529181142
188.36882271 201.465892747 5.48613579634
275.246419317 30.8045792121 3.27777711259
198.947056211 278.333436474 4.69367312617
134.307313728 290.210172425 0.802411939068
277.427785892 255.943777495 5.03374289365
208.109944484 262.736608232 5.74665953774
278.670665263 351.255278217 0.0291130644546
323.835639862 440.224524114 2.13338413244
396.454903707 188.740428805 2.99042853037
290.835983966 259.628603889 6.1953631204
333.978816685 206.745288722 5.47508138072
192.03216293 376.835364391 5.34704929482
304.251502462 110.772212894 2.13807232398
385.996973756 171.865999845 3.37609623294
