0 100 80 0.7853981633974483 500 500
445.898267664 213.033450492 0.860067958181
233.040011966 308.716333375 1.78374539194
294.611997023 98.5879232156 1.63531312218
174.479720597 281.001667913 0.151186158379
405.974306898 10.0136691981 2.51778504577
307.290978899 159.263530259 0.833906759874
393.970605784 323.352390738 0.0387621585941
124.514760993 84.8509666706 2.28519416576
139.733836756 286.498315882 1.06193445993
176.816372465 179.529052298 0.351075833257
131.433632051 39.7084016935 5.15438862538
136.618190346 181.071957757 1.89234583279
212.915458667 170.94536373 3.74795390497
329.282688873 144.874335057 1.85695281609
408.298350239 44.3417065091 4.54816233648
410.811591462 71.4438254123 4.81253954769
342.303014055 380.550201295 0.797227175503
197.64266605 165.974528042 1.73836691961
84.7069493208 213.140925788 2.03382604968
148.858838511 278.35014492 3.10228074416
336.060626283 267.24968322 0.567438823941
149.810458872 208.0397863 2.59005917778
145.799526278 256.505438811 4.57713467212
219.290415843 313.173150227 2.4518016339
305.119346233 174.344985486 3.60335795973
199.889756737 4.59844332027 6.1003520071
256.371427751 259.657256073 4.93393400398
273.503033679 404.17507973 5.06675225559
395.195485446 250.004076594 4.68737835554
124.791171306 348.991103764 0.851628770301
104.665737902 295.260675723 4.0856359583
64.8374933877 273.60838809 1.54448741759
257.232321728 55.7724129647 4.75948042494
345.65896252 295.239884741 3.09007416205
261.843215331 222.893938423 5.72061999286
271.131655843 20.0197760251 1.51915166637
476.921785824 126.079782787 1.64330941933
231.477935103 378.926859425 4.15951973676
340.312811937 245.505859999 5.92218475689
331.713146731 234.100009966 3.08369833236
109.401598056 438.83998957 3.8315648161
273.053253946 488.155844743 6.04388599404
301.648321245 298.518448938 0.925667920135
88.5643150557 411.7810596 0.263955938898
374.865376222 186.396818456 2.45476008644
113.471939361 216.30276288 2.32102066203
405.093633179 68.374666698 1.85256936559
126.081441341 172.783689437 4.00794679085
212.087259962 175.393426674 3.40449535897
316.491538735 293.575632144 2.32982942238
204.457454809 29.8619598606 2.61281604241
189.64848627 159.934107443 3.76751014025
59.8779050586 207.469946816 3.40957182827
228.365206932 324.194267165 0.0780904770822
401.751892885 200.635035684 1.1724018926
244.085092046 229.646383723 4.06602907237
243.753229459 177.350702877 0.497426713521
435.294222769 372.087632755 0.286960719188
389.294861338 372.539985423 4.76297698904
277.511510815 251.984665561 4.33613498934
256.410269175 134.567290904 0.698085827309
105.855776674 43.81244227 3.70962292506
306.743331673 301.606644541 0.182450976614
396.183868504 215.662133389 2.56277556461
381.534473765 46.5607956257 4.90340387588
399.943461151 366.224578652 4.14313704113
306.823361252 187.634547165 1.73965933007
285.979372219 214.408450171 1.10904018494
358.128493515 303.297871154 0.223706722073
195.444931224 383.829616325 0.568040545941
163.69081768 376.342326772 2.05779353197
281.193528442 330.421182651 0.0599306577123
75.0526067358 233.28011142 1.90357676814
272.220225428 117.781719678 4.56623047761
238.791237202 260.37482328 3.57025753719
270.960934008 312.754802901 3.54987746219
130.461700427 210.055237566 6.09957023635
247.584017693 200.572649801 1.21873071037
233.131971643 236.374073567 3.99060947414
417.176512989 333.95051998 1.17786069434
188.319156693 113.961861406 4.63116859172
380.259594454 347.40099928 3.64374028521
100.806970884 251.122109581 1.7943628827
326.468675498 230.181930344 1.84240610324
299.325513789 22.0685672132 1.26794385762
257.857455214 242.963746085 3.84830095858
258.052120403 376.582871434 2.67747628921
1.83985286304 251.565951107 4.20494917657
195.731152424 309.599954017 4.84750328878
244.445601174 238.331917759 2.37632971668
216.427951772 386.543520526 2.03430347781
167.82841027 113.974695657 4.51727546685
403.102794801 242.788026344 1.66590340733
198.863945269 346.741068711 1.73887933711
204.411851575 239.863179983 2.45283719304
371.591698003 248.269051651 5.62403213127
353.680430498 163.520717404 2.54789193963
303.230885975 247.485631397 5.0886985751
47.2445515251 430.674762723 3.42305682867
41.5549901172 331.849395718 5.17365764333
