0 40 80 0.7853981633974483 500 500
338.216164822 301.700540358 1.07989211658
272.888730996 185.154081184 5.12708138787
353.561021035 284.842265819 0.145091571449
339.275610441 195.750257574 3.43571545131
269.987555982 276.957908124 5.53010563191
129.086177421 126.936277661 3.49467899706
313.948403282 261.106212558 5.99525458843
245.70866106 287.995761693 6.17024242686
322.594827597 285.894031608 2.87768613845
304.588179872 173.97961112 0.679276183281
260.982697908 304.130977808 3.01851807633
253.158399295 282.891321695 0.402912767538
358.37096962 489.239477207 6.06145068028
242.977222422 309.961614841 2.78130194641
270.990691149 185.239813699 2.98134852473
112.261106567 200.426782618 5.23021365086
139.715508586 173.492637367 0.872000838907
270.164681923 246.774937969 0.0405502874569
268.842439183 442.361662966 4.97298996888
213.69387246 151.664049448 1.24250472654
309.322124796 142.238045436 4.45169219741
196.294967902 215.870459169 3.62364465907
162.987714452 289.089823646 5.75344386249
238.962256507 461.878948898 5.79819775978
336.801567125 311.947848305 6.14719397597
25.8336002232 298.284218934 4.10982005124
138.539064899 48.50298619 2.71618207764
277.078403072 73.1824105337 2.91673056508
437.00152128 179.128383709 2.81470154098
304.973417906 170.105644065 1.58744861902
249.544007622 207.500692072 3.68031594283
182.62813555 243.736067571 3.62756577663
466.769042296 306.048785049 2.55524750391
222.800102561 136.221211817 2.84852332143
210.709600845 435.179723424 0.201126734205
255.825387782 192.167598606 6.04622605179
268.415140825 26.1653413488 2.22142014548
224.248060899 414.67184952 1.62570730276
176.119364976 176.454391156 1.13441389901
314.727851112 392.835803731 4.81608976877
