0 100 80 0.7853981633974483 500 500
170.01126867 255.626616675 0.770409055384
380.458819557 259.809647472 0.0846303164235
174.411096061 135.262672575 4.92388682046
385.70660726 393.381648525 4.96890321806
204.165025854 210.296138921 1.39191831295
286.26794342 164.595839248 3.02222326174
203.674402893 242.638959874 1.79798159577
403.603876157 173.258865323 0.697062172246
256.54418962 293.043823585 1.57446036379
472.921644756 457.670209276 0.720472399251
177.476556186 126.34868248 2.16266115788
224.115484378 126.843745656 1.73218816763
43.9878921053 202.785850073 3.57540595275
207.382979391 122.431461745 0.649478943393
395.955197843 296.299854388 2.27672844702
327.34953396 149.774320254 4.92921522953
158.65591999 290.610540746 0.03146488093
295.106772554 287.96977049 2.98458258538
230.630659937 153.162100701 2.68903769498
138.741493993 224.675272149 1.89022834596
78.8917273105 164.369364949 5.05498012606
153.560227677 241.218177981 1.69614818252
132.463237383 320.763689161 4.01591681868
235.505358759 369.105972393 2.65988089098
128.182803761 342.144480546 4.47893231961
247.807196751 437.544240071 0.524417652199
101.020851736 364.27356214 1.16210924053
227.215388065 273.667461392 1.36115453205
237.5935608 345.801833781 4.29086880018
311.754302005 136.006188279 1.17371492078
219.586242277 243.817504621 0.292166388049
146.964320668 370.974822049 3.02726758285
90.6748505199 204.949383875 3.56267292164
237.953384351 218.005193392 5.91286896596
28.8522136133 113.066089757 3.36886803598
179.481943037 120.052564015 5.76966183052
207.299289837 243.546483356 1.00770278594
247.931158722 321.919815966 0.629569283981
340.217257647 316.49793442 1.06424846263
234.915400871 282.864466571 6.27631547584
316.545821351 74.7314177138 0.881126460927
344.702744061 302.511016696 3.59137873459
253.796160902 262.123823302 1.56500493739
349.597552705 312.219447916 4.12862192669
302.400437576 352.761768974 2.98723550963
381.637243443 46.3724769861 4.83626735171
65.2384503752 241.931198446 1.70073881777
131.978243077 189.161617969 4.01988333575
322.900042462 378.461712383 0.113465824548
402.865021784 338.378242811 5.15678281041
40.8256150818 288.911386711 4.8779832718
215.069080099 105.12452208 1.82000258104
301.717251953 320.940944984 0.389196209559
244.722730299 187.767257725 3.78980662291
329.050655062 288.250391517 0.151813146304
221.250949457 115.445849836 5.05185601792
434.374798779 259.345782495 0.543178667125
292.654432397 297.344026683 2.53109411613
226.553566358 309.741242711 4.65900275685
288.150328881 305.295789232 5.64138197052
201.204641091 274.069102836 4.53316255315
475.739615633 133.645043311 2.00020176656
32.8643684684 284.054645898 1.68877802184
221.63545551 195.895785307 0.801857102015
138.820849834 42.7015164152 5.15419621072
229.230218578 266.978158349 1.82767262668
75.193401659 261.581653543 4.02870327257
296.121050821 150.760265325 2.7598396336
396.027884982 329.090572601 4.59184546776
257.578094475 290.474241594 4.86931501278
193.374422492 313.054426723 1.46386734648
229.855592059 271.557409891 0.768598602545
122.31860627 304.964198885 1.65849016657
120.950561282 233.610717118 2.35258154722
247.825357013 331.227048354 0.723334060817
223.554537108 281.751883866 5.73091762527
299.558394701 368.192605532 5.12289444417
234.975087101 184.372416418 1.7257195504
256.083136481 252.747680291 1.25042479733
38.7572361778 110.747893769 3.50128004281
296.455724578 131.769931559 4.6829943939
167.3400486 201.804242772 4.58576177736
355.446970753 134.470410765 2.1838987746
284.172533757 134.20155511 3.4089700116
338.981931356 265.38934969 4.01948517386
302.331091817 168.054673285 0.790453785968
335.291631963 333.404867763 1.54544649797
103.728602312 149.057248108 2.66765659983
207.660934883 263.962824014 4.00288261583
376.453282867 191.80939815 2.99016820294
82.2226846438 415.878889981 5.27973000187
463.656925875 290.711779098 5.99535822795
260.939739876 226.156162414 6.07937734196
219.493685475 379.974484307 5.93770385502
49.0725294346 294.944738358 2.82563158078
173.277437062 364.846392887 4.0512574903
259.910343488 374.489394308 1.68688410149
297.513036778 306.076672795 2.68490695612
322.692528028 349.239151938 0.656573517024
397.419095245 180.191307014 0.104978375861
