0 90 80 0.7853981633974483 500 500
276.00067913 170.054643029 2.48956823656
269.7197409 340.359894392 5.6900646981
221.816850703 283.333468966 2.44331161054
113.254239643 230.236366822 4.19293653797
265.537259161 251.116521608 5.27965773699
225.805434126 280.203986899 0.0803092011057
103.254231873 358.540014467 5.08317959472
391.070900355 281.346168192 0.36398681586
378.415391571 301.884462452 1.03159404842
244.248778829 150.546773137 0.542767948941
185.514984308 427.457398281 0.1089535615
234.053563308 190.050683523 2.43976800987
147.475582278 281.648288154 0.595131470368
356.790284033 220.529503023 0.397280658536
402.574852425 116.228779791 0.826660214648
268.339848922 233.899605331 3.20063594363
342.095194524 208.162527454 2.61234717746
364.804755169 257.815564658 5.93545226197
339.099422132 384.491905195 4.01681386173
389.351879916 261.765733545 3.1153769725
158.616932403 291.155292078 2.43419970301
274.488852245 278.088949056 1.23837666992
232.981418004 241.813040366 5.12391709346
146.398612227 137.519646781 4.35481058601
226.88537735 238.898127723 4.30728891643
148.241094125 240.425560241 6.08050969352
193.309057803 330.791211312 1.35627903601
272.402127693 274.052027422 2.47607205566
281.143687583 408.783783791 1.43062277976
139.004144051 294.270071038 1.84096548258
254.531642676 224.02839106 0.852418990807
175.017614861 326.998364156 3.64056270028
343.73301055 209.598977727 4.6535363872
102.446147107 259.161419217 5.60056460255
246.42715534 221.539041312 0.330705779621
242.592490323 166.985475558 2.18749525945
212.698476023 242.126142689 3.81812966535
177.375987263 250.590015808 0.605606735625
179.091213242 87.2114244864 3.01624779165
159.318550202 374.251156648 3.73605728328
495.334496286 358.597682664 3.13092476011
255.93219167 223.938714744 0.41039790473
490.550368385 274.771460944 3.35173465316
268.289041809 448.353943267 5.84214449942
267.716634368 97.7104592726 1.28544492989
66.0594115235 346.158812422 5.04898588686
213.665491793 364.774535736 1.29949911234
294.004824695 285.258643781 4.60451333899
167.657599615 276.583232439 2.77923457653
126.900079406 329.755204864 0.923937149317
330.365144629 209.062288878 2.50992938742
243.797041887 283.52732975 1.99762218514
256.874604212 98.852707225 4.67357813551
261.552075056 6.0449390826 1.02717892292
425.070815645 162.524248732 2.45789905971
307.996316808 109.807822181 4.337842765
230.012713853 421.390595429 1.75033771617
279.430900658 262.625829978 5.67987047695
214.703491088 111.054738915 5.4950768102
218.661645842 223.380943289 5.74125888924
325.83171959 164.67334084 4.95321527648
269.931384675 346.494242285 1.64557260418
285.845561028 176.712063594 3.41088041595
421.84391616 272.599345146 5.01206837238
359.939880257 364.719726177 0.017514896593
215.209338706 316.486796576 5.59906417693
394.026597108 212.445203557 4.84077144081
215.37477007 288.386913773 4.54761363205
428.808261686 390.969158265 5.33837231598
275.716219656 232.423064601 6.20439870752
214.741512144 198.290967824 3.35137548667
154.503465766 54.4227706261 5.24994776648
299.006879003 137.418935068 5.00392849188
341.255188805 315.006078576 5.88605737343
157.782642215 20.6418593667 6.05970679802
390.781440108 236.505180486 4.94533010848
358.725428625 245.624055791 4.95457799864
195.126792758 335.331512862 3.19815755015
201.924331496 232.628448816 2.1560189461
135.135894301 110.074079348 2.3554923803
225.369547083 181.187415816 0.182785170979
155.839493315 203.12375108 2.04175106988
231.407279138 276.835628695 5.89616891095
37.2447189174 76.7252341305 1.17056065351
281.030195028 345.979963622 4.63178706947
248.967926194 212.870016259 0.444641097671
278.750673102 201.803526426 4.41925754414
87.548918703 186.639838439 3.45474297705
223.083853715 133.825941081 6.17484107032
396.536366938 94.9839189158 0.247118897356
