0 90 80 0.7853981633974483 500 500
219.848926191 216.724684709 1.18620182163
342.844691625 54.4814756247 4.82794346515
238.012182754 253.505746234 0.561471031416
170.670185733 265.084191855 5.94734146312
288.011792036 54.4499986863 4.88872301743
46.8995576078 207.376873632 2.93089636837
167.16170428 280.62288019 3.9274815573
259.726400385 338.413473361 4.04135430494
285.13846622 27.0305971942 1.05948251863
323.41524519 377.776363342 3.03071762149
384.191047745 149.772836766 0.783231746014
362.345829656 360.86864152 0.195130288454
351.090095389 210.685564287 0.938908760862
364.187627078 277.369875853 2.37105654387
104.873082575 168.055770513 2.13929090587
148.194656125 269.470630793 1.86997380421
143.049194695 207.356511193 2.01666022787
51.4356889701 177.614807722 2.48722173058
267.829564202 298.721829968 4.5527053614
310.737015101 397.654252779 5.88184591126
421.989746365 153.841529192 5.1659298766
271.368750366 366.083324813 4.51728674241
132.962871819 148.250137889 1.98252682174
25.9079395315 316.512064392 5.67477490462
210.87762436 260.00390793 0.0687452903118
328.404022821 203.180578709 2.57058464072
98.2292726659 1.57970162308 0.887297003878
299.764486982 134.629484357 5.14743989218
188.424416496 50.3972158105 1.30041785834
147.728325048 247.314880269 0.784537329503
307.336803062 143.943835681 0.452808630802
344.124825454 80.5258755459 5.32535956031
187.851401202 370.742685475 1.79709259669
29.9894073495 385.590093958 4.97388645081
295.74207929 396.861508304 0.354997649447
360.385198178 123.748788667 1.60088765507
358.216905219 215.909749353 5.59001978315
463.69725983 341.475910848 0.503305620606
272.829817465 111.260752697 3.61904363062
478.193694097 196.316530111 0.433056188412
233.028451527 176.708296562 5.74820637474
303.355574749 317.786224053 1.75699936503
175.111476953 243.693859963 3.35783081984
360.374313285 408.088045101 5.03222365645
333.256612069 7.37025551292 3.72991298
249.827268589 215.1259671 3.02305618691
434.540258071 193.988349954 4.06305868903
253.153988995 111.542654714 3.67909503395
188.462617835 328.843934863 5.63791108705
311.002569307 139.443782537 0.962818407371
233.394409443 204.150520581 5.55401915478
211.344925929 326.812901499 0.86610365836
224.2112643 127.090554147 0.387327660803
198.119067568 181.117448078 0.169283575206
232.741050767 306.431438607 0.913857679835
154.226155426 279.426356652 1.75553109576
321.12237645 196.882984843 0.440085437478
151.751577289 308.129575837 3.91515385601
211.20713341 126.587084356 2.26244639804
164.567574908 97.7035731864 4.17796931113
264.120856071 173.729659449 3.12530210992
321.032241808 209.788940937 3.75853781737
469.9422842 168.42726609 1.1091367064
87.2871950055 344.58815918 2.16595963233
188.495805313 244.855837516 5.41456287536
231.806501351 292.013674398 4.74848048017
156.577030542 138.49441859 4.26910407507
243.155858411 342.153444589 6.11217342175
422.393012632 292.420453641 1.87086020533
460.612982599 322.747923141 0.685325498729
450.882954448 333.450935771 4.71022023486
262.544483405 301.105079953 3.35464719845
287.990733416 158.336373018 1.79891963603
295.367818381 170.040691024 0.839446556232
291.007196209 366.389446758 0.692187118475
186.311437695 411.555109783 0.136813826143
49.8714705426 189.288936307 5.05824927737
303.644639962 166.165878607 0.154386937914
276.493621487 289.245139704 5.21363200249
180.240661269 109.055421788 3.80862610687
186.407484459 275.409763546 2.7078556215
350.589634584 311.400443333 2.18372186732
348.417524232 122.481239357 0.912939778726
161.360957926 370.839048491 2.73591961497
296.527350999 462.959458266 2.17766756298
269.600962335 384.057330065 4.35615683828
127.644642427 284.545774891 3.54334037503
144.657003986 305.524898385 5.83609361123
264.397030693 254.081966454 5.68997147537
353.35957982 144.091777443 3.04823050761
