0 70 80 0.7853981633974483 500 500
289.865659618 209.211923818 1.32766584062
308.44166083 208.18257142 4.4417901104
151.670332097 271.488209082 1.36049476829
305.768182443 209.055721595 1.51216718315
269.654334637 137.325308543 6.2009991835
231.394485569 285.946081925 6.25997452595
209.440007431 264.47590664 0.0353436705976
349.805788555 170.628227289 3.57949334133
196.477961501 288.052852012 2.42557954803
265.164180428 225.037084211 5.75880894806
88.5723488954 82.8255240181 2.905301042
445.015170779 189.223480485 0.0772836946741
199.821646024 121.438166313 2.24113036128
26.6716685967 257.059420268 6.06460423021
149.189910061 146.682391461 5.90374252762
143.235933768 225.384085374 2.27156111951
388.154427047 179.5727977 1.58601219074
405.556080227 365.417508738 4.29049135491
154.196151055 216.495715208 0.207466607405
254.299558288 289.879738258 0.835550161747
232.936827502 471.701975556 2.16961536037
249.655734448 231.961670227 5.62197078864
111.996380883 135.186626287 0.731112164918
314.845548368 170.997006702 2.29663247399
336.27132475 144.098497905 3.20556494255
284.894322081 198.880617681 5.55502565901
124.020415095 326.297070314 2.6431905034
203.003067255 237.674426016 4.7708895313
335.379418616 297.984541761 1.68526833669
322.518019609 413.960159257 5.02990189059
295.664677995 152.753531589 4.22539055905
212.202637762 35.5899167427 0.693151082259
16.4449655104 496.053321364 4.38333421129
238.189962853 368.068244294 0.0647648414791
230.925972131 285.975612374 0.358745808297
211.798402596 216.086371345 3.82365875774
119.530243513 418.584993798 5.4780351652
37.5527641807 222.839753513 1.55392620326
241.22115281 314.888241044 5.25494388276
361.465753401 29.9661364107 5.65581626121
323.712866275 392.451077147 4.1812133344
146.177086502 238.127392695 4.98789472356
306.797291188 219.850537901 3.39684456848
249.022797593 327.916855122 5.83419091383
109.97983273 229.895162963 3.41419691388
177.14354136 127.216196464 6.25855406208
430.604596127 235.489570207 1.96287271295
368.995574463 240.615071574 2.00467376299
199.668702852 140.837352623 1.33337972475
418.20436143 287.473494715 1.17353873803
239.67348934 275.644420419 3.30588892913
321.835194758 418.747802914 0.529247427138
348.620523811 248.649607126 1.92567657069
249.069651619 242.725148606 1.80128317186
331.126225946 399.72072536 6.0547337399
317.274082812 24.8226011897 4.4720338157
225.279756053 289.572955042 1.56086665194
349.2866958 369.20334115 1.26310054257
316.958536727 393.556637379 0.611459376679
130.413223337 164.141021241 4.44733799267
240.643863477 317.642060275 1.36859373147
274.866352709 69.7213811537 5.97240363165
151.244340185 112.242426226 5.64375355367
431.874687211 311.160354771 2.65389397524
239.7497312 243.813492244 5.79719607941
68.638927973 89.8158203621 5.45166793161
297.459693997 324.329062485 2.30033581321
333.343415888 174.968779127 0.586732529417
251.21451729 297.120844743 0.747285153588
357.491289837 281.909618917 3.19655324866
