0 100 80 0.7853981633974483 500 500
224.202886362 170.590629871 0.603159461768
227.594256386 139.258016662 3.01344310283
177.906564839 229.24174443 3.50928236533
190.754615836 370.963972739 4.12628210907
305.877872227 178.55459932 4.11543092943
198.700957351 229.676765189 4.60245818664
115.312325443 183.956600619 5.1135717117
240.081371748 175.208765547 3.52540759368
128.77000686 212.239452146 2.2386729492
382.31566129 349.83696325 1.8258440336
221.608107094 59.1574530668 3.9432891982
290.93668425 340.347636341 3.06034003119
439.009918711 210.787163396 2.52841698652
230.930832302 191.328108111 4.40319695583
326.094758935 289.441672407 3.45423277545
261.251069374 205.824762541 0.581712178018
218.416375621 363.391343482 2.02262162949
376.023843368 192.229211142 4.46614048485
235.33122899 208.854221998 1.8481311554
376.484592986 105.561530291 6.03554695822
274.789441501 255.81455639 3.38791042554
109.943454345 71.3868062487 2.47135731659
279.485440844 90.3689986804 0.523973384462
334.932195841 217.1686292 2.09927951792
329.525954181 308.795128144 5.93161299607
364.198386746 402.261103947 0.793188185371
251.964499623 235.39051897 1.70545887186
187.161192218 284.816672965 2.9989133496
348.091789149 186.430473952 6.21378759172
185.639640808 306.665286423 4.39797771271
384.182314592 261.200567347 2.02732019648
252.91429555 184.122444119 2.40344449552
140.418828403 285.073015123 4.14540327061
412.992830927 337.506312928 2.77044708971
433.588546888 215.065610178 2.76290327422
253.928445121 1.31357991123 0.270646449962
303.807557328 324.286825302 6.08043005361
234.414191237 365.434902093 5.83740380553
329.527176844 289.775955124 1.16431020308
262.925959842 110.648655853 1.89448664148
331.760351654 275.27465614 3.86452127658
215.811466769 105.304470292 1.81342833133
215.859929563 248.831624149 4.05665588324
308.347944028 213.459657676 5.69591128367
359.960064929 77.2933522862 5.1099689969
319.294900287 279.370634859 6.20782728727
118.955772882 177.383325726 5.77192269626
374.787699055 163.135316456 2.69937537998
228.918183129 396.255653968 1.99611224255
390.999758057 281.288646509 3.38270396753
380.948967482 215.493524331 4.45944921379
275.345928478 181.511233796 5.76592017218
439.878729748 327.770280134 6.08676850373
316.684207096 249.501317326 0.452068270945
111.310933878 427.857067391 2.15710287339
306.948925803 330.557202649 4.83173471876
390.062519288 127.614092282 6.17207857397
358.82241954 216.109798584 4.14701119469
165.27473908 417.811461903 0.427161017907
182.829616465 199.020797008 0.356960258396
373.257925804 319.616378981 1.08003124703
247.961346887 247.994425342 1.4335107366
267.241779783 270.112865694 3.00075814984
358.638289817 233.208761109 0.714197075421
309.396623768 298.626593227 3.03069859271
178.572147089 372.388990885 3.50478520956
208.49984519 260.955104013 4.28456722886
202.833860717 265.957228557 2.40221356929
228.877352111 322.77216802 5.66067235881
207.097902914 413.097449445 3.08859973468
250.429254995 292.56346771 1.47591395762
230.399622664 272.067299094 0.35179156767
440.299647677 400.06774292 3.2194526391
353.214917897 155.559322428 0.808667785686
482.560102712 229.576676428 5.77501478861
126.035098211 266.330618987 2.89844955233
313.726177317 276.506157593 5.90591496824
77.9682886461 210.159600393 4.37350885986
367.063154127 232.184949089 5.46724129671
315.378560173 223.606872823 3.49335026791
268.899761234 169.90631998 3.09142530633
303.419155172 122.340347287 3.15427163932
304.616034767 185.194205433 1.39669854946
259.16990617 98.182192618 3.34296660699
200.139845173 296.114839074 5.15199442084
321.069054018 177.570088486 2.40229681336
301.587369989 243.528528709 0.0882891097668
196.782233342 258.795361277 0.964468059523
291.499388689 273.634440346 4.13348224901
372.521660258 345.386653464 3.64237525862
293.3036695 275.927326598 6.13487971853
370.325615733 410.777107628 5.98462849336
278.237913307 161.83237197 4.10429747599
351.494567556 252.122478006 1.826477778
286.525649443 303.554572801 1.89613021994
352.986061646 144.432180866 3.88655039887
266.875127831 300.462023059 0.658704692373
350.825836768 164.678494909 3.22855853332
319.08486849 95.9771593956 1.48374209069
341.816069298 280.541243063 5.55024769759
