0 90 80 0.7853981633974483 500 500
281.01230261 202.19396981 1.84403651371
229.414994309 280.508603342 0.529585215053
298.197085919 172.799072072 0.916081185562
322.894808917 80.1304285589 2.99043257655
418.155865133 362.398067258 6.16843073395
327.532157736 357.96677838 6.0975556259
3.79953606476 321.836373422 2.48859272386
247.327565467 471.622402129 2.07680986066
420.439744808 50.1559191572 3.57543299703
300.714032144 358.875524572 4.83725245574
195.26218377 325.457322888 0.768457478615
1.68627371766 213.521012671 4.53234217663
266.789452895 132.724445153 4.2150883211
321.031927432 417.015636858 3.17128154579
238.608871888 305.77159912 3.34480413719
288.735167991 433.347642337 3.77362510378
392.878675212 484.163151666 0.380724613496
177.33984617 122.385733785 1.06178417484
155.26844046 383.609324211 2.50578059608
294.541156635 295.031813745 2.04733020188
220.350643095 367.340791896 3.65130678493
191.832878431 205.929131444 6.12269051982
263.729691615 346.572862377 1.66045556339
228.664477143 315.812109823 2.03242264924
368.875344977 292.238171689 3.14758376366
261.08832652 369.37389836 2.06129534712
323.573156156 353.136852046 4.7497263211
415.676382953 402.780088895 3.44899896517
406.821682735 148.073131132 3.06144835626
321.153514311 248.540563342 1.29165122737
237.274255169 188.076969908 1.05563051353
186.146224682 348.318776087 4.59910933841
153.536909143 75.3336716301 5.92761867566
257.916544763 219.442890361 1.49946477538
282.395572473 214.052073322 4.30246587712
8.24843565631 210.959327883 5.19414932522
213.811828305 239.070865285 5.80756779167
362.353438178 318.201637892 4.55311252736
288.336696343 192.693691936 1.16640103426
184.351373777 372.635564911 1.74897359614
294.90272963 115.813938383 5.73517999574
361.182517195 385.562086214 1.85297407269
200.012008416 390.970994733 4.36932980569
381.297816601 165.725123881 3.33761036647
156.309477693 298.084361009 1.43111921864
188.700061614 8.35396360607 6.09892311953
183.697650516 253.99483452 5.61726704186
317.024889718 227.41790171 3.27181726689
280.969208336 325.979437279 1.178073272
290.168784021 296.847466988 3.82241875984
297.082391401 275.71477251 3.81904320992
231.483584981 222.087907434 5.3532676485
308.537984139 2.26624927151 0.858154165832
79.4538352667 239.919020445 4.78059950669
246.524542435 288.856454925 1.05928279143
290.341354944 210.096016136 4.51671817927
311.736075687 72.4622654837 2.17316268521
418.739513472 255.375310096 4.39146636149
199.299563366 400.326767522 0.0646122187892
195.659921369 226.539345155 2.82501853446
223.074227177 176.143901824 2.94107250762
317.149722529 193.884206663 5.06457905256
266.15813868 145.922743832 5.01287856182
157.376253265 293.817538175 1.50498999093
340.928034451 210.226627446 4.00072060164
277.684175411 337.951166809 0.424106442043
222.165608585 250.958356333 1.85174625338
380.07027315 289.757677683 4.91213490399
228.152690426 69.2593809545 2.26286086678
317.138411254 385.644523316 0.151446073098
430.007760049 172.409147032 5.27651444944
240.022826536 99.422586376 3.09879537953
169.821319898 198.505325447 1.88768932554
135.974604999 149.766332068 3.82430252535
256.114874871 330.515476623 2.79727706571
350.626790494 247.033892203 4.20486115136
331.234681977 150.554254 6.21460313856
377.502572327 308.184610296 0.523184293258
144.957309683 139.651952049 1.44837153816
200.64432092 179.988370765 0.498819103812
292.294260775 99.2885313272 3.17284775261
225.661106455 309.187272928 4.86760628774
108.944727861 183.583464434 1.89203491293
275.839986962 182.980188236 0.554727786336
169.70915743 164.571094117 1.8829004093
280.597389919 149.376127886 6.0220605747
303.397212011 342.308836759 4.9726867091
367.808483459 311.047065208 4.49457587636
346.629656235 139.429302538 2.23613777589
370.894126238 75.3750860515 4.60793986927
