0 80 80 0.7853981633974483 500 500
329.398011981 250.895023432 1.39801866484
396.103661709 291.972346751 0.0540811485834
221.673087631 343.56220387 5.00740676194
377.678894856 287.254530232 2.93934304603
315.387217771 345.662846128 2.59752666919
242.072779685 200.832434768 0.803732224956
303.616509193 237.042465969 0.853146668418
102.187677684 303.155200486 6.15656469079
218.189042981 356.602290699 4.05461791247
362.510498164 338.060741578 4.54321608007
243.715021801 139.280995454 4.28296637021
327.095303977 331.424320158 5.58815397586
223.89157803 176.702389903 6.17795441416
271.653294846 204.389892031 6.01801518746
176.439268909 217.117110712 0.159722766041
382.802175264 192.94836933 2.27736836341
108.023937216 135.645025688 4.48181697833
372.520129187 229.523604339 3.43410940565
275.246683136 130.33300894 5.64875700452
221.787856016 159.039666195 2.16067182218
312.470497929 5.99319764284 0.164769609854
425.087233654 321.027426426 3.15922024905
75.507414231 70.324655018 4.76541838411
86.1327515257 159.63121033 5.25718321939
359.133383005 360.994115167 5.15534885432
285.143726122 304.967575292 3.06279586822
232.216076066 255.079313934 0.545302827525
184.625706849 185.092286917 5.58784682168
286.252409817 290.336800492 1.80266224533
98.0349740616 238.491999528 0.171384575308
309.186683534 303.433272082 3.45386019234
202.539464976 350.903578235 5.43107699881
338.159788181 349.086140996 0.123481843319
171.988743861 125.055922486 1.9418615967
443.845375218 229.172574272 0.659296704715
178.669478115 280.361528816 1.60960678101
375.97188853 323.690697175 2.21562524249
287.519511465 230.184221952 0.0908284359473
198.09642543 347.225747031 4.77323426805
247.79041536 338.143719436 2.13494929402
283.109341064 272.728166671 0.729811940432
214.639826258 341.050559076 1.60520555775
171.577401068 224.841260329 5.77590730971
351.571180967 444.61354333 1.25239150643
354.580858416 276.062533692 5.79460222721
249.112511507 110.240665879 5.11523195141
142.347915148 198.87811032 3.79336068523
271.141415535 176.517353852 1.86065048332
269.801598578 151.190700888 5.55522380679
50.9306666803 140.030398542 0.405574959071
235.141534493 311.07301927 3.16342273078
79.2657140674 294.956657966 0.744205817945
252.526183315 192.530536089 1.58789129286
251.660804192 189.218968135 2.17396402529
171.393021224 215.13556472 1.51255999699
313.198289063 98.7881943618 2.69417550725
193.246256767 259.140698917 4.66439196423
200.484776821 396.972231884 1.75363550687
209.942871837 259.440235328 2.25012741704
231.645520238 96.6282912697 4.34606012957
217.705818652 310.934193831 3.33713408085
447.882860946 150.884794468 5.01197162946
491.708430443 276.899991881 5.02200963972
252.846754614 192.776676479 0.498226916668
260.107286189 223.394522511 5.56449077786
435.844966947 355.642159399 3.29264280794
191.770941387 239.780058269 1.65442446073
248.499432715 360.671142553 4.48617981821
436.481746104 291.368857672 3.30754219693
244.393001728 206.665961488 0.429209599307
259.009282843 224.386155202 1.76214370259
349.197493743 396.564795078 3.40641269329
61.8681679949 177.784621994 0.564965644393
187.123199702 159.335802919 5.1265845083
241.01995253 139.725390162 0.643431142717
132.761579366 257.492446496 4.86107383219
304.706814054 178.842193534 4.19666190408
319.262700082 244.289181605 0.493491248716
259.267379396 306.848065966 5.98813973629
284.00333489 248.280337312 1.07613830254
