0 50 80 0.7853981633974483 500 500
251.325935667 284.739714724 3.32075246073
225.739224803 230.818132968 2.45901605185
306.099645015 230.235094546 6.21013852598
278.563373236 251.120357184 0.166873991442
228.581101831 196.368257385 3.09464450403
242.258072301 233.00949251 0.734855373074
303.523605257 238.583871269 3.1443684379
311.988871391 490.168140524 4.25735455631
41.2483130336 304.348392849 5.63431131927
269.580956366 84.1736645766 2.29604265241
95.7577319944 424.458187523 2.02647693739
123.937599937 178.1294117 0.037367349025
330.07299473 261.543156777 1.16876095062
210.458875113 477.733451636 2.46725876334
246.309490487 160.767561528 6.12382961627
119.878178749 379.148070516 2.59305586152
178.464516434 44.660612365 6.24577998593
229.119579422 285.730482442 2.42409129379
237.891712996 474.839237114 4.4957103191
285.732701259 249.5472487 1.5152889567
229.864049748 163.915616445 2.23422297941
274.733244785 205.008158435 2.86207423626
257.484584149 131.370750216 1.64208145672
235.350486951 160.727805621 6.09699273526
172.055228302 237.779524855 4.5690899093
296.975112959 335.935366087 0.444383408578
340.516809764 352.414001451 3.29194106787
290.659150009 245.366547879 3.31439719417
224.130696519 396.812925729 4.96110442407
245.301441661 267.429291838 1.92285579826
234.384557675 289.587821925 3.7025139696
119.196271145 160.435415324 5.1732841667
372.411021712 229.3271926 2.55691933881
213.258863798 369.010158074 3.25240465325
139.285762902 295.670730053 1.53334635445
239.458197712 318.246879024 5.47948054287
195.760779108 443.275125105 4.88403024701
88.2225447474 206.097280027 0.714376087298
216.037551079 368.899801538 0.542244434879
184.078900221 339.872326376 4.22471431435
175.876929887 258.264563667 3.90937085822
330.30004411 176.513787619 4.25324542923
189.201333669 258.187036016 2.93279361996
44.9088336553 179.272116858 5.94870067298
116.067977782 95.3260425797 5.60398133501
171.596192343 279.731222123 1.1916027465
104.36257644 42.1100921796 1.48927613733
241.562703348 194.173378413 3.19217165822
377.31213385 228.229127694 4.11140052725
195.54144232 316.759650261 0.731998648809
