0 70 80 0.7853981633974483 500 500
155.866010094 233.28195524 4.36131018327
294.662776307 255.827561086 2.07598223376
207.388857867 474.632320834 1.8137930113
318.811576732 262.271802629 2.60781368806
223.269646692 323.998610156 2.13381936985
367.810277555 219.334385984 5.45867258581
249.038451846 372.836618451 2.81082892574
340.26983725 442.261273519 4.36768720314
301.872386423 302.267719705 3.78457729611
323.810588409 250.389683936 0.42819185365
269.670781073 171.161067696 1.37877831004
272.701699393 246.232276868 4.09270170909
196.876187109 56.9236288637 3.8251710195
437.02934067 265.160226041 4.76714185999
354.775463249 244.924710637 4.31722050122
263.858573734 310.984275417 5.37838124193
264.163987388 293.867893912 1.31244312424
227.776821758 236.632183862 1.04463319834
214.515683589 313.904804255 2.89367308474
343.610506029 180.552096639 4.4057469439
152.061470604 406.165479112 1.76259548422
260.184324485 196.508632411 1.23012857034
388.831904398 137.503797861 3.16523484422
153.392404768 177.234660307 4.1267884482
277.169903466 175.450685062 0.681589516851
145.1606597 282.923592693 2.55632202886
405.540406054 181.259756577 4.81730591488
232.014956645 189.064851835 5.59191140572
329.460440763 292.307933182 1.99039692127
175.202795892 186.832770559 1.00736815173
416.535586916 259.301295601 4.28274371484
168.781361392 452.177698427 4.44787201961
329.329157646 223.16437209 0.775933252297
320.922453394 212.845051646 4.73225603246
187.786077274 189.069565946 2.92620233631
344.766912397 367.450367496 4.2326678299
436.664869521 366.630650635 0.15190942441
202.144350184 234.506072668 5.16616193096
272.149292253 249.785958528 3.93260954004
218.346613304 356.953804467 3.29250505981
353.67677087 207.172490126 4.29004331741
249.194573241 452.728535399 5.80099037165
218.178264073 270.623305371 3.82981719717
127.359127629 79.2588849158 6.12727553069
252.628763838 214.171572015 4.81088659651
125.746921698 233.788310835 3.62633808619
154.75040889 194.239631438 4.0516727851
297.022291604 111.340373797 5.422523589
191.447813007 269.377615996 0.817074367652
197.261126532 203.866984799 6.02778259118
141.949044038 210.390017162 4.29551241847
11.5016654898 241.744189893 3.29292599809
235.354589983 102.471551553 6.26874451318
174.648730641 356.223938044 3.69871949984
67.5340257685 134.291745865 1.55042121254
226.422254057 253.470625841 3.66895698442
430.059991711 164.064749775 2.59678392341
202.474498874 319.77803499 2.14159020588
436.6855554 60.3425479983 0.430161072692
239.160176252 256.007029654 5.52003911186
169.29742408 265.604087725 1.83008950188
237.262656351 380.519588203 4.85297448034
276.790154791 227.727805009 0.919416447904
398.262326603 143.158299793 5.54213069315
274.394654689 284.872398576 3.83909649369
115.719005531 283.65841651 0.614007098644
171.143966545 293.95918683 4.19355306186
416.350993125 134.257333075 0.169307211552
346.059128913 235.986380224 4.89418113674
293.180253316 348.771126439 5.68739021537
