0 70 80 0.7853981633974483 500 500
25.7828125417 330.034429072 2.0278065237
381.452488543 201.522017626 0.743993665452
260.550097954 382.201633958 5.20217024925
298.963026331 375.161345854 0.822452799259
202.768300839 171.658781928 5.12757037649
372.195904868 308.25480927 0.541566643241
75.807758484 356.347838125 4.20456268678
134.652815758 180.176927077 1.95307522509
259.46638752 230.603634775 2.22923775038
231.318822482 354.945206319 6.03172745223
255.770966689 315.989034964 5.36178444915
230.124985703 272.390893819 1.08977842045
196.560227339 190.582061956 4.23129801513
311.916538001 245.227477343 3.00893900736
99.0838878095 198.159606951 2.70618908892
183.941146611 344.823208193 6.20168757098
269.387173475 138.653113691 1.59588412306
375.845829906 366.660844688 2.03425238538
245.357203449 210.660537238 4.23636987174
283.975238394 220.201605471 1.70610951916
355.634559363 271.067658697 0.627504219513
10.5454327835 221.52980733 5.57485363318
368.737873396 373.981250057 2.03856925417
267.894983339 279.511207975 6.16084994168
35.4018782261 302.427782437 3.09158022422
357.997613932 129.950001419 5.60408969795
352.686331156 244.681142056 2.05178563502
232.0154148 246.63875969 4.73734509125
193.596447865 301.194402961 3.78341971299
234.58885306 240.356738259 3.15257308452
164.304798742 161.536626735 4.71353686445
292.733643785 342.16864354 4.49331794297
119.571912849 205.042598938 5.55929005247
115.430317322 204.679630797 6.20877205558
152.120623374 361.500956042 5.36269077543
257.735811518 322.146342501 3.5133950814
123.749800211 250.774612537 2.13646952086
156.526734455 250.029143335 4.47576276926
321.271802205 151.687272698 3.34239917881
465.17094292 290.689146292 1.5530698951
90.9798970131 132.401977049 2.96265866293
230.990907556 289.787919899 3.48038050419
261.694044509 326.003800932 5.19255558037
179.296906186 154.4546521 1.59716365372
250.742175328 185.243274808 6.15265655146
278.661105557 190.17662827 5.64035084645
364.910461888 331.240177514 1.58951689242
194.517707866 162.316895347 4.05619272243
277.06307352 186.218181892 2.96030739321
329.353389644 266.596344243 2.69003262254
331.494646444 302.952923196 5.02604919825
231.150460021 157.341999318 1.52252737963
136.88447443 234.111819062 5.38270610995
275.366601059 46.8698501396 5.78873607228
160.19586551 210.033435506 1.75265884282
173.731753517 247.279341167 2.98195589055
372.660859071 312.880136617 1.0933820858
304.291168826 261.817959483 3.69542567101
354.977787921 169.319045368 3.22652606873
349.831427647 223.001417091 5.58524364412
391.28249509 251.203304484 4.63549284598
219.071786099 173.680572197 2.06707985173
261.189962436 157.391784704 1.05640606688
407.75800462 302.60004463 3.77812547391
339.919058927 242.342850162 1.13281575907
254.184242074 295.265477927 5.78799385942
300.672141348 220.254480988 2.68148988335
317.009707976 346.188019038 1.11183021327
219.466009696 332.784176505 0.481001957051
396.226558566 162.459539678 0.266552538904
