0 80 80 0.7853981633974483 500 500
270.688740883 322.602524956 5.30362321214
177.398013638 272.946431318 4.16370399483
341.760679401 239.647160354 4.0550214225
354.320089314 253.925042826 1.58121196804
282.335897887 91.7439282292 1.30464959101
281.396857328 375.818425751 6.1403748836
232.135151505 311.461184597 5.50360051132
275.966078754 201.659776373 5.6380634923
224.076793518 367.198791331 4.70796458827
173.984269394 269.175470683 3.04525597371
217.7202661 35.8670344955 2.90527187612
216.07309248 189.211291534 1.31030155293
113.232624187 429.415510895 4.86552332846
250.71843476 291.6399612 5.26518984823
263.127103287 251.280514712 0.892734717596
215.121917663 296.88590913 6.08132102709
274.309482049 198.685435211 3.44364725281
277.891292975 16.8620312693 3.23289171641
88.7393785617 95.8695220299 3.8871771423
105.034022936 268.246001519 1.03469393637
97.3903648733 338.234491881 0.256172016275
233.133497199 333.510356645 6.01276992933
206.376141692 311.411985115 4.60820563318
206.058886115 158.72568098 6.22712538952
184.407337629 220.23238525 0.674225808981
279.788475146 280.711565672 6.2558867722
274.823385008 147.639276756 0.414490182213
234.858955307 375.48990303 1.1044144595
123.677506989 248.447912942 2.41719134894
89.5543684189 260.410803584 2.08301729323
278.57023811 172.331566274 1.71581176684
109.501594602 331.815101789 4.10989413294
297.707563156 212.002497618 0.636257103704
259.958250765 99.9678465356 3.51204600163
287.623180263 78.866654095 0.579627173845
329.648574127 243.67113654 1.21410333636
127.128482645 57.3230952865 0.561901005127
164.41650433 125.91602765 5.18878052999
259.484107003 449.57246573 4.72707021982
229.632686275 372.300887097 2.02851254895
299.656847591 88.5223055139 0.16690661446
83.9958299168 269.950038189 4.56094403936
331.812495976 28.6284026469 0.064901079045
324.157407715 143.150042394 5.76489884447
208.148974591 302.514388294 4.44138672475
258.375611251 350.826262289 2.85064552206
108.190494588 280.952496787 5.87451115123
143.186023177 408.23672339 0.0740894292459
9.89155591168 266.413573146 5.84378185122
394.6617857 254.029278603 2.79775024055
275.985252404 333.871173132 1.49589990403
341.375940131 286.722017762 0.732639893411
61.4595753372 346.702121336 1.23080572033
267.243526709 294.729794027 2.67477775876
174.542844638 160.211701295 1.1311285794
384.787269625 37.6647554933 4.75636417787
167.494228505 201.16778777 4.84585027152
179.580284429 227.336133153 2.093544166
123.868776742 454.587904422 4.27081321912
100.117803507 228.048165389 2.93856826153
198.19917263 401.051439164 3.54642723568
177.64852323 219.808740841 4.63891733161
153.881054206 230.77750505 0.147966469259
261.339393846 333.616681029 4.91318244855
26.9016140799 358.513232094 5.69113468665
260.687272383 334.784862068 2.38046777511
412.652264141 305.238300844 1.4576292424
437.522566972 237.920448415 1.75362545813
178.818306889 253.378443762 0.0677456256947
212.369639049 283.023287661 5.73251267733
228.801396354 76.5770006993 2.07281673001
441.526477466 170.732852019 1.66143461156
428.791147304 212.810566461 2.77911215214
116.967879467 370.755297261 2.18710272565
411.622091684 262.125268811 2.43703458452
287.19153032 129.356125578 0.504369889419
254.220890573 215.556233875 5.33640335014
470.717525861 190.104085557 5.98194498919
297.738607646 280.026805438 0.18391714023
155.590769776 161.848433734 1.87000398881
