0 70 80 0.7853981633974483 500 500
193.521007907 202.576579702 5.54075041836
377.321045437 172.257820489 3.23330809872
276.951261465 277.361798967 4.59889656319
413.679123071 334.161461149 2.16332046134
90.4949931362 34.5091398042 4.57421863821
203.640666085 203.636515644 4.16918302047
313.07172795 292.89951582 0.643633414919
384.105770134 163.567859919 2.89131057223
138.262447578 219.46248727 2.25407160142
292.707671153 137.499089023 3.47901426029
218.238355678 344.811339467 1.57727254186
157.44983814 236.411610915 3.8892777963
308.661439046 160.131407736 1.37672993811
168.095435162 299.655299265 4.62867855691
256.133032375 174.627690705 1.97492574711
264.640767121 35.3968053224 3.81618652863
294.590718721 210.726692406 3.8465860576
219.11031459 289.541487624 0.730061660154
161.652795268 180.039306025 4.24021881642
191.769819427 407.963919088 4.67330539141
198.417989457 264.039884153 1.48853268867
284.427210411 365.312783901 4.18191497489
271.468513603 264.917949088 5.35460052561
340.853746971 389.402351926 1.32944901906
245.681612545 152.658805089 5.56773726605
174.640788624 256.490614427 0.286060538202
141.414903211 303.706730828 1.07359212778
381.802726261 226.021383844 0.480021642124
313.242796117 254.766895111 0.655440250292
309.283841505 405.585921861 5.70634602475
165.44115887 376.675241615 2.36297904524
91.0517395424 262.180437752 0.196583186711
32.7556760545 182.650266408 1.31361824564
299.187592095 319.273036569 4.64393321304
150.240009626 50.9788509018 3.72260234211
89.4540584675 272.808175117 1.90606240706
182.518321551 235.672069633 3.31348639987
197.965597261 212.515967648 3.58004824694
103.88854615 173.521604649 4.17429233516
244.078420529 199.806085443 5.64376534196
298.640971466 324.323443524 4.14969335918
224.558909619 319.110168224 3.13239964364
455.67726328 147.791548324 6.069934729
184.774009202 136.966093681 2.44381496648
261.305112929 231.267896499 1.66508039691
47.3978286211 295.889260231 1.67486730615
408.170231275 245.739878582 5.94852730745
40.1394212895 99.0566137821 1.68378264792
346.731970339 222.448137364 2.47936004384
330.935228102 112.521832629 5.4653018891
4.70513379832 297.778232922 3.42445967245
209.223338978 408.235253518 2.2161157725
117.578787329 91.4586545863 1.03056213798
322.402247862 409.623870216 4.28224539621
262.643766178 280.914985505 4.71115943977
327.433327588 492.773654525 1.84651471102
50.9481261495 361.36135071 0.210223840271
306.646100847 309.463607509 5.067633496
219.757218207 285.262221798 1.44816518004
183.123758565 94.7163318696 0.771903495701
350.902770183 245.963302397 4.98614638357
5.11490717892 260.661847635 5.64607617274
244.184540176 247.338968606 0.137817624135
71.2492457639 198.845244888 1.409659184
222.554812751 212.4203757 2.37078755933
227.372233838 234.747342627 1.50191252986
221.76681166 366.585496588 0.29179586433
212.696022401 373.212952635 4.8350312178
170.049122066 306.580362752 1.2560042613
466.419264943 200.694102746 5.11051478194
