0 60 80 0.7853981633974483 500 500
388.800022473 197.332048719 2.48783577514
333.306074459 348.571739644 4.48765685208
251.428423304 158.167267158 1.93196805948
354.968674581 472.866998902 3.65949527211
192.557319767 175.597923497 1.43026300295
333.475401286 293.85242896 2.9921440092
207.558015821 226.520204521 4.71898776675
222.139349509 297.747851221 4.3030946112
204.043905994 228.956764857 1.34412554236
259.279900323 206.264879068 2.29650146243
250.284577033 330.410033889 4.61745935356
221.415849417 309.512185577 3.88155041198
208.876339837 128.436696477 2.61348781941
151.878882391 102.91055242 3.99862593115
358.762923622 229.251230419 4.29636084396
214.685144747 42.0228280017 1.85728055164
458.516095543 219.624251354 3.3796342581
186.426151394 152.577028472 0.132492153435
201.827515521 290.146425156 2.57641119537
232.727485834 108.827199983 2.02889849704
260.51680037 69.8099999917 0.234832986417
379.833850287 320.923663829 5.42980054513
288.731246785 204.997864498 3.40109925453
250.936863249 162.422181916 1.04347460588
358.247066777 119.604929364 4.19559204091
355.657448115 88.6990889662 2.92494937839
136.450595348 307.555568057 0.867107177676
375.929816113 327.827491842 1.37070659297
400.549394808 359.435477727 0.819526256685
246.197061429 419.798127288 0.975275881019
214.438057922 330.6809201 1.30287537676
278.043171011 341.630004344 1.52818288617
329.231293502 110.423689318 3.52424123214
244.475281921 333.144549455 0.177802090082
270.504616728 296.801933668 3.84512357002
196.708109391 303.499740488 2.03345917747
308.680928238 242.945753577 2.8916575357
106.502991525 218.211873444 2.32035184542
207.44985863 326.554881444 3.32191778565
315.597320437 242.075046921 0.301600133894
220.393448187 320.922449246 2.45667831522
415.832236539 298.243558519 2.67072438976
42.6132986592 46.5799421349 1.47860445962
331.186859138 85.945772045 1.12069351799
165.443882683 330.117603112 1.55672450958
305.77227539 39.2569437034 2.30697566575
250.560898601 199.87899825 0.012998045712
269.365161976 335.912824139 4.62475315772
283.288592658 381.354335581 4.51995783224
140.699757987 299.538497608 2.18830757647
250.45169123 340.056001898 0.952664462134
179.871306432 200.528673475 2.91902566158
344.606775398 222.183463735 2.68525724812
287.944268808 2.74967335055 4.97751450415
262.774259973 109.853453253 3.0925685234
415.586972698 190.618222737 3.19845078787
309.504696139 485.672379128 1.37279531958
78.2330128865 389.661896042 6.02351290842
115.028811834 400.641264951 3.57651366469
236.163857826 125.583004359 4.57693197841
