0 30 80 0.7853981633974483 500 500
337.893092978 106.844167272 1.34812367167
283.920528371 127.565861223 3.65637907552
62.6407752722 242.543647271 6.25374126214
209.854423224 184.179167957 5.96523228217
291.26295079 392.480149152 2.06383804028
276.542630098 296.39252113 4.73132175293
261.205528785 124.753294016 6.09014902396
275.451376716 107.214205123 5.89952245225
226.619912762 192.297352538 3.29687523361
265.255739448 323.270853736 5.99980265987
190.995576786 363.733040419 4.31044896754
192.600790977 314.492120183 4.55568624202
250.80014222 359.75718586 5.6353064884
65.9564508475 384.515718566 4.58336240478
377.811467098 300.60118667 5.27234948354
334.614256953 129.70657239 5.49471333287
182.598949295 8.77509554698 5.29147395919
116.811657684 197.782232054 4.56601640225
349.473959158 445.856365339 5.81461026088
376.529919519 208.521595866 5.39349892965
286.06445635 291.43183474 0.776100122093
461.150270217 61.2698859169 2.71892939929
177.588004023 233.861509756 6.18463988193
180.76095394 242.26865159 0.147356835204
289.549768549 215.00448069 1.30872006551
311.982201855 381.466911027 2.88081408203
181.389811628 246.840033564 3.416023213
349.480437358 223.068659613 3.69507370544
231.618846501 352.989849005 3.70470233441
153.185947801 208.892530651 2.82387909364
