0 60 80 0.7853981633974483 500 500
21.0989500133 298.921417287 2.34006354541
347.668724528 269.569102126 0.304399493608
237.075407476 367.668304326 2.3320011406
89.0802562379 281.780171869 0.238541568719
148.988125725 265.944350773 0.163075415784
235.81830427 254.259402787 4.61137651201
331.318718781 214.552221251 0.125259335258
142.548716137 313.045398562 1.92546492505
292.870655247 277.964784573 3.27157499657
299.532723064 209.22286876 4.20949023108
309.197279348 195.347340291 4.64476322394
169.533041199 377.947600055 3.98970023729
134.949843619 42.996046445 0.368340836551
210.851495249 220.749471916 0.497809198348
298.946213755 276.400118556 2.05103851637
21.9652526388 216.300162383 0.018469079167
316.513818991 286.881817027 4.25994938024
329.733450235 139.682975593 0.298736110029
222.961792215 369.16717778 5.36009893107
310.871242125 206.802728798 2.16262921392
170.862619379 226.438695058 4.21106622541
343.611166335 210.701352648 6.13607559267
237.724456173 247.898269286 0.385054153958
391.093935075 436.688259128 0.863934272076
193.531330129 224.222649955 0.227056494645
250.1520538 308.715116914 0.851665907713
248.250857566 239.08167703 0.643997369927
315.678204175 338.00981154 6.20262982054
304.731957951 169.293377855 4.69059255638
372.526229146 214.619985724 2.58982693486
358.842450192 305.775643289 3.31802764749
350.621003097 237.723885857 2.57974612249
352.319842872 398.382958059 6.07830345442
240.929201458 375.92361438 4.38120422897
103.9742497 348.415094144 2.44567192513
233.760740531 93.926937981 0.379467222205
353.265025687 190.490722326 2.27306058748
164.228621794 266.367193991 2.54578739336
353.229189797 234.079481922 6.02972923065
177.930898534 245.094673869 5.56005577668
134.134997043 176.602859491 1.12691613833
120.663788108 270.412563452 3.4038938914
361.456886889 406.145983896 0.19788297744
140.64642972 164.382779227 3.50807853372
270.195815022 97.5337758603 2.06363388256
374.087510512 363.78875548 3.45182686486
370.153097364 344.118898311 4.93656799399
431.307980366 283.484247032 5.44062957327
183.924386055 308.448642254 2.92611765584
231.366973791 426.761671208 3.01500145893
166.035934154 223.342199604 4.70178114505
309.634887156 132.590865237 2.5217274048
130.790415889 104.063165597 4.36968840582
184.721077234 168.900161586 0.200912243074
3.95908023606 189.106957336 0.433749126735
188.320076976 255.461737268 0.394841199662
366.745730115 474.310846014 2.27427335532
133.949499659 224.16955318 5.88575625929
275.173944468 27.4851179999 3.23586611004
81.3690818912 446.302801482 4.75282352732
