0 70 80 0.7853981633974483 500 500
218.411386135 183.276788403 5.54640488522
325.239425914 316.932108327 3.04216455767
192.375416524 185.159915756 0.857703760802
229.870500366 291.708927781 0.748533436268
138.431328857 212.799553979 2.11065205788
255.281881485 306.174186465 2.90788943693
202.334309589 197.920980731 5.05166515953
397.550536745 7.19337488757 3.30423755856
274.750386574 458.362643407 5.18736501175
347.106737873 286.500711504 0.238806761128
372.461937651 114.614409968 3.58142426959
171.967141843 224.775524519 3.58080040415
254.108831548 242.004918507 3.56048681369
288.040169136 133.528588342 0.183395737078
200.22185012 321.722267206 5.0856702702
101.830463058 251.03953056 1.44442807358
271.262484716 285.080569752 5.43545846164
305.663301728 112.943775782 3.46751012061
236.383891187 449.358082981 3.03792854152
215.429783185 237.061430871 2.43163155205
444.651808135 269.759081931 2.13441421701
230.587157783 269.363007727 2.4721285051
388.148414079 134.101143604 6.19771022707
221.771435476 305.953832898 3.43636912888
272.850963374 306.081183552 4.35216528593
446.301173624 255.037612496 1.60197958236
322.417563471 203.785984832 2.52826546911
470.858152642 195.613598267 2.88896108881
365.766171024 146.818363186 1.90040002242
298.069458041 97.1570537094 5.15985574868
117.254919684 105.145793547 1.0408617399
297.186184621 281.043790278 2.53452687403
418.81637696 220.290865173 3.12837486104
215.327883492 80.0478433962 3.67259131438
335.623530065 272.011145083 4.06103126824
232.177621056 313.240069684 0.650294783793
105.406199225 252.536195049 4.86036245298
102.148098155 259.329167948 0.881143738192
161.745662666 321.403780726 5.86003175488
269.526893738 215.247288425 5.1700291693
301.671804445 204.251002767 5.86532229742
342.089108946 311.973291106 4.29236134187
242.959352038 280.393140453 3.05141549042
302.247411608 215.579545762 3.95584392538
116.642001026 263.859687347 4.59981487271
292.344590273 114.526207703 3.08555320278
375.447296573 178.956235537 0.473605192423
152.89865704 93.5060485132 2.54731231796
332.653050114 156.584192355 5.4892461648
224.48374728 306.798114037 3.99744229571
331.171042064 191.602750294 0.0919751233076
195.108195641 250.674098942 4.89149888093
138.055687874 328.426196197 3.58418646099
134.742309882 153.484514745 1.11161402388
221.851094132 179.822404903 1.53090500231
112.752303774 307.320029621 5.82555255764
269.600909759 300.401335268 0.690459635195
342.261140003 136.504886584 5.56757635164
124.576786158 312.709607291 0.302415833839
280.464601645 98.6990086073 5.1845792104
269.178868901 262.21106638 5.70932442337
201.057389566 95.5580250799 2.103989643
158.697231622 186.966720931 5.80626536903
263.43611289 96.1777168835 4.70404052788
214.627732391 184.380683764 4.93591412945
125.427023864 346.539855008 2.64782410726
446.297200606 289.333991752 1.14573513378
322.423672034 374.688982093 1.90750677867
264.198342187 466.742427374 3.90891151687
329.925961878 158.169859892 1.66639187327
