0 90 80 0.7853981633974483 500 500
67.7944817931 323.780707786 4.42194629165
387.750687133 403.023774337 5.99472758049
207.612589962 291.558485915 2.61703847863
430.951556614 227.853938096 2.54508880165
318.606333285 301.728490791 1.18021530037
172.533983642 187.673547133 3.38560299635
101.27793474 263.021559764 4.78353219358
151.415658277 336.777653559 5.27095286964
307.816549612 301.951592949 4.07855060251
254.482026352 78.055353494 0.261534504874
298.968066803 443.76461396 5.32562535421
143.101953537 366.500235318 1.5514050253
240.711434236 270.615057315 3.63951253734
235.171836621 214.200101402 0.25842202316
194.022313675 408.948475537 4.95229189702
16.2146112019 274.084886914 3.86280547555
254.3701645 216.918973249 4.92304342375
258.769633955 307.776536881 1.93707925896
159.51496793 190.775229844 3.24662778659
153.577866555 227.28991466 5.06827196553
389.693281923 416.350799712 1.55472464988
339.3583128 222.672816225 6.03256799994
198.802005747 186.728485287 1.12623286737
284.154021659 116.603795332 2.23288660624
486.456756856 99.6167140104 4.17821231315
276.442478677 283.468780394 1.84446027441
275.41208157 299.836387425 2.52449254205
186.297287169 288.401099772 3.2853875072
410.519135641 95.3179042383 3.97585353882
226.699853329 352.142341625 0.515814996335
378.687107964 179.927426797 2.35052445993
187.414426518 213.763892681 1.84480221106
237.845101631 191.058101713 4.46921575358
268.076369239 412.166545566 4.74890735068
463.972614063 409.704766884 0.149568608965
85.2207768597 348.628091834 3.00893498809
344.025470528 26.6904705923 3.85745825435
274.60215186 234.180239492 4.96220790118
297.526533779 243.002509165 0.905893842675
121.243484119 290.378512567 5.39644851774
195.724793491 267.269580523 1.33943364084
288.502776733 284.129865575 2.90069074819
134.511989347 324.6786529 0.429693022929
162.939605314 104.715056223 4.13777595288
217.409271768 180.627390843 3.15586556311
358.338605369 257.8203043 5.88294885507
163.251537059 291.574620594 6.05834667157
95.5805204807 321.098052728 4.54353219707
104.354583589 239.043586013 0.486991127976
16.6048067247 227.347710256 2.42622894233
226.811497848 179.546412817 4.62648399261
174.447782336 266.969975323 3.20944373603
108.973146202 49.2498528986 2.05984336468
117.846247704 385.820700419 4.62628171867
277.549869743 382.428372109 1.66749791779
316.967034394 91.0633335971 3.76527789542
281.308000594 163.58434431 3.69418368762
174.436914573 10.7266335248 2.72884952203
385.765942466 238.984236918 5.02195140259
32.9319121976 356.337840465 3.13417280353
273.51829651 377.401667384 2.80799014062
144.769142986 154.057079929 2.33526187429
235.119760511 360.050636639 4.18291671475
378.940722575 136.262441776 0.850606677228
249.594942967 384.770012105 2.92575726213
321.214480046 184.767919189 6.09543990766
207.659707304 346.25103041 4.49983556058
239.570900835 83.3940003817 3.16594856509
244.07701075 192.54881048 4.99443770162
114.645351133 181.808536435 4.76937766955
235.136920783 209.883142379 4.88733961752
185.681277549 100.551428573 0.96856847499
392.211486622 295.576875244 4.47938549266
299.470290475 310.59415716 3.34881189338
324.414595408 159.367215497 5.86017775919
353.01616977 275.642748968 1.54222220589
249.01666607 480.263856838 3.19141831389
88.709046027 252.33108255 1.4943233196
118.270734317 143.202745061 1.84077937403
52.164856833 259.092177011 0.454387357679
162.961566812 445.292861917 3.62708589991
275.037175238 20.1407252906 0.903328723575
244.123771744 383.941125947 2.88970942942
86.762390241 272.146562707 4.63499921065
322.365981583 316.7789359 6.11484773929
109.65767771 174.385462316 0.849504338104
131.493630618 38.8861720463 4.09250707172
171.299528222 317.944267318 0.704083671122
159.134939155 248.959450099 0.366148427712
118.084959923 196.856835094 5.0476418442
