0 100 80 0.7853981633974483 500 500
202.596613179 282.217944421 2.21497850212
171.186036756 221.85425346 1.7475048903
218.537129356 152.501349348 4.05958959789
259.52729208 270.06017346 3.09110727732
236.269477014 55.1833572179 6.04540140241
238.682358011 255.657657903 1.74371738568
336.510330498 323.14835672 1.39763677079
394.599629148 201.713745659 1.19643867445
480.867257684 342.794257564 2.84277591056
417.018127989 174.79727603 4.4581227807
283.51985846 160.088095577 1.42541929407
211.203269767 243.140051278 5.48900824803
147.375344397 169.606563329 1.15624842099
333.543952479 266.348462385 5.96640821693
147.508087186 218.858994571 3.69308711271
395.707433113 193.477976964 1.42051374768
292.866716989 242.220000495 4.69982554142
447.871417537 95.649691347 0.934433732567
46.794475706 286.128328165 5.80533545057
243.822666258 472.133629076 1.65590197156
325.525180109 206.397406296 4.66757637685
254.216335874 126.555804382 4.16039755362
313.117470089 441.664796954 1.13873155315
417.370221023 93.1780867528 1.00891617306
207.959465381 123.950066328 0.788243358557
190.722968301 288.820502197 0.0761316845654
271.194815785 141.073913051 5.15872845641
73.5901877075 154.241322187 5.72388956361
247.079533581 291.972516658 2.24187539875
275.832207548 21.3990926776 0.637667511071
123.796063497 278.478244782 4.26325383661
76.5669192535 320.004883557 1.91917098747
276.015761678 97.5969510883 1.47851746033
351.985222036 388.8485536 4.53843944031
264.508644611 397.504101481 1.2271631234
141.189126325 401.125584111 4.97571305683
219.373783598 282.256060558 2.06235479908
383.968300064 452.741346 4.85530942185
235.098217252 183.566628634 1.56048286351
200.593095423 272.975872753 3.42471214026
288.798308598 173.401820503 2.81058121594
145.298618483 62.3634556351 4.5315799936
236.59370319 100.766261096 0.506401262497
204.390397406 204.240032693 2.49954511682
350.311272575 100.756690035 1.15634133144
325.346608623 131.205968458 2.59963120303
275.665761267 163.078123506 1.53530615718
187.354297502 144.108048714 1.4353205078
348.175710483 295.594325165 4.08414473692
106.180428778 402.971980475 1.78707888093
146.457858705 313.178451542 5.64363258941
322.556383452 317.025312269 3.36642107008
280.823857834 272.97421801 0.562011858158
196.097241289 234.794751809 3.49587127401
303.707346353 223.079472958 3.75448341876
238.490435466 283.874859937 5.73284071066
359.455920511 161.325494748 1.36851959089
139.948265577 214.570689843 3.71847829788
297.063719677 285.671216334 3.91323709795
84.5005876387 187.276707967 4.9750149518
196.137607762 100.134768629 3.77079167348
228.021268866 346.973505674 2.46136310573
271.775386505 421.62271383 4.28636084849
384.719811258 377.072928686 0.635919232284
207.949902106 139.000942395 1.83187713349
444.484736213 266.799045327 5.36034110929
256.086737697 47.3354727661 5.13026526475
411.742116561 190.343335762 2.16483322498
221.707949147 40.9154684982 0.547799865996
106.457429249 215.640017155 1.63256165956
306.288328955 250.591720307 4.31484527828
260.222504668 292.95537719 5.88021670167
148.045719177 421.746177075 2.50538613789
266.969200366 377.151740684 1.79784494545
423.851254803 281.669493952 0.294463492668
292.225310125 24.3299973205 2.29373484154
200.338643064 207.48128146 0.838447185224
328.462133843 272.570672909 4.16243436831
296.795141983 307.276517131 1.45354632056
369.606648362 329.55766337 6.25395402692
236.201658793 313.11916172 4.2802997124
276.060094358 338.282195086 5.98338763252
266.306532914 246.942369961 2.25663392676
224.082620082 61.2282749219 4.78434956327
25.2444065026 209.162909022 4.65735937231
271.389521035 358.92531619 5.78194158025
341.392507601 283.418609973 6.18840718766
222.335612149 311.719585711 0.0779576227301
113.311247061 222.117949768 2.02493326323
305.363658397 193.937822935 1.80794378452
140.058726113 175.893213146 5.61474660208
291.511327601 37.2370765673 0.196076977981
359.121175345 305.754557925 0.58656518439
310.458725853 272.26475589 5.67905617902
164.82654144 217.546534017 0.727635575624
172.288789927 451.442520728 5.95632128339
492.717323997 473.952944561 5.58982679505
385.821250084 299.502740308 2.5978309417
365.776864045 348.536307268 3.21126392045
152.055485765 239.824574086 6.20166111135
