0 50 80 0.7853981633974483 500 500
302.607362337 327.920250913 2.85356354179
251.08389779 134.555235124 0.501607502529
53.3569113482 147.353092674 5.88891066813
202.434171687 29.8884048094 0.257366620763
149.659984661 361.49309016 3.69039135021
136.620302362 287.985607615 6.22370170708
188.569056406 126.459324354 4.87562430008
114.153968888 223.410897924 4.15698349236
93.8108056372 359.969816654 6.25015234976
397.528439183 259.905130107 5.75981619475
497.237624202 210.031905497 6.16716798789
295.93433944 143.508495851 3.9675356265
155.805621822 316.637489936 4.54895675227
475.368622145 235.340513775 0.710178529188
303.432939062 249.730650309 3.83761953533
288.394351334 448.042517757 6.2305922703
263.14852966 259.036647499 1.99392609768
150.515301553 305.906518456 6.22929909023
189.83298702 234.244314475 4.44201188444
340.200277504 147.595063657 1.41466952262
268.878600459 190.062423861 4.93586695335
373.233169132 329.151401835 6.1794768603
313.979752185 368.405938437 2.64223247126
215.861623472 258.897228402 5.94412552854
306.217864584 306.173199695 0.0469266180749
269.61564781 213.25392573 1.88619927593
418.203584307 371.864631077 0.780264011767
173.317218664 179.919149034 4.30264330067
446.91353375 331.63091997 2.35004057364
285.893289167 238.246758531 5.63757904277
205.495822352 76.1495925499 0.821624965788
296.247019839 242.145717825 2.88197160558
186.360483382 182.654369436 0.711467104126
232.873489323 254.635775069 0.206436960415
321.964751261 364.96477956 5.83523742545
169.601968936 64.3306008465 3.70924312842
200.964098066 445.251075543 1.46433452016
111.08902682 142.032180886 5.91324415708
190.814512028 260.416095835 3.48310522881
330.211348907 130.104260732 5.19550225655
160.164998372 340.406346381 1.86737661902
243.162936966 190.140898615 0.933165205631
282.663668919 307.049920167 3.32764807721
215.048670851 349.4207266 2.91765250168
383.125709627 271.581678327 0.678602534276
439.956355089 230.795311925 3.4355823243
297.414127795 389.558616291 2.58023334961
50.9349699935 290.904685431 5.98510287808
458.505056179 449.646960711 2.66494478713
296.869205354 403.925593779 2.33255162386
