0 60 80 0.7853981633974483 500 500
239.605885412 185.31796062 0.144513177065
197.83906286 332.721915261 4.9038659925
44.1830497041 476.225366096 4.76774925849
144.362499541 134.006068616 3.06021250915
246.512378819 244.661934024 5.31122122162
95.3752652217 133.688883307 3.53683336158
115.356468173 463.455580437 0.885067953359
393.041368971 66.045442158 2.89346478567
299.615216216 186.464189887 2.58001425461
270.081820771 230.204412646 1.7292284065
134.071494134 261.999296481 4.02551784645
294.041016265 329.480577944 3.93193730683
200.801529432 279.99238024 1.04689624751
223.595727785 247.886166183 3.63733369707
207.587520618 328.799806998 2.48784711142
180.31316869 131.247335492 1.40409146758
348.762193995 185.163825039 0.882164492763
341.3041716 298.460449225 4.63320446923
374.29503897 363.171156203 2.49088118765
343.126883569 414.104006053 2.25443291225
297.726196671 251.956077476 1.30601263698
366.882146462 331.220901269 5.09590519011
252.109009204 398.034306887 4.30398670921
38.3605703291 450.226810278 2.46168314979
282.552278721 490.985642623 4.45833234202
400.545762713 266.783296167 2.80114873694
219.748973421 452.065953821 3.95876734091
170.920135241 330.761555678 2.85994616838
361.973797917 319.719891558 2.9446677642
328.555048714 340.636296679 0.614589134126
219.640094094 385.542075919 2.3154198745
263.676288937 401.775605077 3.19930712581
263.083869828 354.015017792 1.50080945389
298.80063378 403.231793325 5.25963933376
422.022397611 365.868616933 3.32856673125
138.695518589 149.409262209 4.94848876054
171.897057316 256.778952849 2.23736538404
250.704031975 125.003234378 4.09435565175
201.147015495 237.837821754 4.99839849198
93.2250980994 304.040371758 2.18586897398
188.144082396 288.938766937 4.4324985109
164.076670624 284.533422186 3.80433312722
5.86684582238 149.520001976 3.77333847803
160.953545953 216.82871489 5.64587317726
286.564178043 293.54686527 0.536542805127
285.402755333 268.946953797 2.04560610453
274.178852366 220.419977387 4.77456333565
208.77770015 33.52966599 4.78480586358
199.950737827 132.20611601 4.17091415441
144.392552848 338.268278292 6.2585916801
52.8933014982 268.304080791 3.7800487
210.80996699 438.568038563 3.41324398236
351.962618292 193.193461429 4.10613410888
354.909534364 70.5387105609 1.07692552121
236.108783471 226.50587697 1.91904447517
268.241897171 420.749921993 2.59622066536
416.364565502 233.407579782 2.70148304193
169.641756062 180.985078124 1.02201259769
335.457344779 315.965933984 4.41012459239
245.194896274 170.691107449 0.989440518679
