0 40 80 0.7853981633974483 500 500
348.037009324 233.678195976 0.39682783884
341.683104728 247.271629005 4.74852081097
208.725440293 315.327900018 3.60004302934
205.091783446 236.42376832 0.9096305929
249.859724936 425.330191571 4.97351246868
110.298738139 395.86069392 0.980390200687
263.663642536 175.620169637 2.06508659361
291.600611999 273.303377681 1.97758161031
311.960720027 279.058643789 3.67845965241
226.955149504 389.893160834 5.45427407154
295.865113139 232.821402559 4.7867230149
124.730178199 272.31042125 0.818654782814
254.708516762 312.104271346 4.32252216914
140.829738064 156.335163306 1.99689779357
217.685324473 39.4456184497 2.62377123672
257.097054191 253.04252091 3.54018531535
264.914896523 351.542168693 5.47865717348
326.654249989 209.307697776 5.32444916656
247.93582759 178.244244014 0.872465627267
255.808198685 467.066202093 3.69324080734
261.494959253 187.733956591 3.79250766378
278.591116588 141.776710129 4.09898476985
341.93605534 260.077059961 1.47932825977
371.540441357 284.780868695 5.2321354529
194.384087502 347.61403548 0.0203430336732
311.220295869 159.66512321 0.0136792731436
15.1810816719 190.205988051 1.3660449994
236.851375693 75.2860785525 0.369894349426
238.561469608 236.120751778 0.228275823376
287.445255876 274.077296538 0.595105450852
299.088461226 120.294691012 3.84372697956
195.690749455 221.675320328 3.19500101165
272.076976515 272.429468298 4.98888205423
262.230752318 75.9121207655 2.97114816997
145.416839904 277.74143645 2.64363437054
258.168767025 217.294647885 0.525935538894
175.411311407 266.510716943 3.37178314994
284.742284687 345.291037605 4.24581211763
186.095149787 212.585820757 5.09183642517
356.286863036 269.967409301 2.61846142944
