0 70 80 0.7853981633974483 500 500
225.137374367 221.093310125 1.19365951951
296.694405236 70.8798439266 2.81581537737
211.226546139 451.905757644 2.71584096677
206.656241038 246.043127348 3.0230619384
244.602040323 198.560841708 0.224654749038
147.277080824 281.477314754 2.97171780159
181.10346303 224.550986207 4.90460510561
230.296920632 137.72671117 3.68760744451
84.2499224053 217.554171697 1.38071041698
374.890322875 254.328987715 6.14269556306
196.229492338 302.431851363 4.78509563139
195.679512213 307.521092146 4.20367937541
133.073576791 234.355765333 5.28072497061
104.375213357 278.812576298 3.66705467017
362.514441291 190.693104748 1.43241895626
336.393502346 144.755709356 1.18134296616
231.267524974 336.140448915 0.13740154959
218.912821213 283.813093936 5.10492848726
285.420576294 83.1112820974 2.28374472581
230.824344434 151.145775394 1.2036605148
28.5262695358 151.827824651 1.72926912964
89.3118926815 232.903351626 3.67935130298
250.965523062 96.084757286 0.824303574905
291.963476927 156.809471258 5.0937980908
79.7721550697 345.767456261 1.83495145523
64.0184005546 198.500117925 1.0966055487
142.561094131 217.835606426 2.93061443003
314.689824946 353.233136119 3.9878142152
228.816739204 269.085022217 5.15427402142
292.92160654 320.458357368 1.0986334575
235.951609402 304.208919646 3.37101757061
340.074339147 247.142317863 5.15528112744
497.232456303 268.297945223 2.79452661581
326.830701517 197.676890367 1.09299236412
429.768271589 356.571809287 2.3929955211
273.35248459 149.424812392 6.09828408451
442.390477086 344.990367792 6.19689594268
256.926621656 198.349012054 1.84003452007
223.847835339 96.4279461348 4.04314388096
6.7945864905 222.50652059 0.9945222082
194.315295133 114.244761863 5.26141710366
143.617621017 308.376737531 5.23558748842
196.176256498 224.667495561 2.51883222673
272.139463658 201.403801204 2.22427062577
283.46576884 221.806082033 5.47953455388
243.347306813 253.309085229 5.94820277637
156.619026935 249.471573011 1.60782465644
165.382640006 361.120105539 5.92957461691
295.689864265 126.825363172 1.66870661535
107.617828729 236.193807898 2.20463607459
261.838436893 66.2459246 0.566321378273
197.295411951 260.343924476 1.10134828674
155.800098875 239.163216325 5.88814047063
304.990719854 256.14602178 1.05309467163
421.698924956 398.357926717 1.53833809074
26.3819805152 292.235749805 2.0210370636
247.961301389 220.326061417 2.25272223279
173.209586085 212.421387031 4.06116277444
438.666849991 257.15889067 5.53189121592
308.004273715 226.664618448 2.22660757877
314.950291037 64.2577343128 5.32160493619
146.644091785 261.685632213 3.4655655
380.485396454 260.200037276 5.73859085253
233.924625639 172.818891022 1.60150792828
167.900294268 122.307774712 1.73658015618
331.296380354 325.334001473 1.05673358399
322.03021046 213.677854825 0.723602213354
132.08978444 239.095531405 6.15276753842
226.512727732 276.128947785 2.85406062445
362.981513933 499.174840836 2.14521051353
