0 60 80 0.7853981633974483 500 500
271.609098864 121.580872909 2.80047486039
393.887066605 299.445644172 3.32850985038
306.502626207 215.98649151 4.98929418586
163.020691052 424.495335759 0.15715345752
167.966213214 358.81835421 1.01222175147
140.018350082 270.338367185 5.47823436642
332.393966112 151.055323334 4.68765424262
305.061005617 342.85491605 3.76091198432
326.487494041 369.345194542 1.07905771869
104.143560789 124.464675628 3.58273091645
212.710911529 286.109541365 1.92047092977
158.777693324 349.307337902 1.35580865341
301.900893186 112.018105655 1.34690936359
161.032956157 171.3148811 3.21866553727
284.262453277 401.713124506 4.76599407625
304.569683171 260.307097549 3.8510221457
355.024223764 140.846105987 2.86599015176
185.056192588 195.946088887 1.25599622802
217.382798871 287.454485641 1.16044622751
238.733562296 286.775066858 2.53627125204
358.454435842 283.430638018 5.5998876064
174.060941231 343.907020406 1.40882496581
239.754104979 330.973628332 1.09453833365
201.363638552 132.494682719 3.17729764022
181.014182844 252.745147407 2.39283166166
287.371174286 316.201439371 3.15180614809
212.100968312 80.5011544515 3.68773796491
229.043911248 226.069958757 3.61204558572
107.221346393 267.157549929 5.1127099143
313.490540103 357.828528338 3.94554084938
174.837398332 367.568793764 4.9614627095
186.763673713 279.583210817 4.30060448393
320.8840151 304.233918199 5.74699310847
242.639069198 124.366562311 2.06899217442
267.678192513 211.997985899 2.82760102114
241.813797164 475.202203869 3.41318340575
181.272918657 128.050266245 3.75160305447
276.74734907 261.581292951 2.85598728225
341.528923853 220.971004527 2.83874838041
119.144773698 27.4300489696 0.182694876583
313.849352281 298.238917491 3.49385270858
343.564057632 398.383626091 5.62155000517
283.390058535 275.206733616 4.26569016105
405.587424841 316.247177416 4.52082817927
255.226171957 119.504491317 4.87725218609
128.42169768 313.922974468 0.697517348067
206.851257902 372.163998525 2.09416159564
180.776575102 308.039978667 1.98862745352
348.159362526 361.877443126 4.61778851295
264.698044541 366.514753759 1.21118704887
332.263770342 352.736860002 4.50904948128
274.484978589 204.544762031 0.617365224163
333.668018814 240.975303933 0.168084395657
335.831330139 170.774708909 3.43758066112
281.89573511 197.761781997 3.49701114382
100.216465043 187.986289676 1.82315982279
133.597963953 259.195985658 2.17732953925
211.850013056 206.981809332 4.71822856702
413.707460166 344.743939164 0.585182929371
320.76276108 253.888982731 0.383864103252
