0 50 80 0.7853981633974483 500 500
248.118299151 287.465524772 3.67760847661
175.176870952 306.358857881 5.45835195909
203.727692437 200.017889201 2.74268357007
153.846982138 163.767815354 0.334365365333
204.888117694 268.389001476 4.03627715774
107.477936601 23.3209715385 2.53334048377
261.607022058 260.104261075 3.13767350903
359.956353962 298.375146553 1.48417835808
203.851476173 385.204123571 5.9524672212
149.344156869 347.843786965 3.95648962159
422.762138077 191.106353341 4.41390900305
159.817503989 230.767588832 1.45280116679
261.272868969 195.329294159 3.20804644847
243.396415502 213.559348406 5.81254479438
22.3922112473 458.286471182 4.90949265043
53.3949861795 342.84282286 4.84319955439
252.25596905 287.597376572 3.82448223239
284.407855397 56.3043648784 1.24554097876
253.040065328 225.303230346 0.935618097691
114.501442839 117.901040795 0.534230186223
314.262816616 205.884135043 6.08096579673
247.829115498 180.474125122 0.0124683122954
67.1623073186 244.524454848 2.84270654468
319.981779587 238.348761127 0.884027097274
194.523577952 420.071331991 0.646646931488
278.647952255 211.762485992 3.82251109949
284.058943396 473.742942878 2.94208391026
193.961578347 55.3171246281 0.640715239476
312.787918958 289.698942077 3.50359107359
318.238400087 250.571920839 5.3333316931
91.1517616314 227.238883701 5.92068972879
266.842247664 219.999203415 1.46198487823
222.704120669 308.845965486 2.22002941666
241.316834626 160.301826911 5.32481904662
389.093306502 291.317872869 0.513311546078
105.288250956 307.237457544 0.572379336799
343.254477819 185.136959647 3.9689591866
252.61030745 272.615308811 2.01889702624
250.219657911 231.085066182 4.8992070788
61.9658799407 231.925834596 2.71827239234
298.19991583 184.164492182 5.8842186998
123.775958157 206.251385727 2.02481315776
287.977288408 137.784230577 0.616234451534
295.998830664 260.442281592 4.54607587994
207.984086932 308.331711003 6.10374227865
242.626602421 6.17443199286 3.45800033925
204.765801656 176.939644829 1.47043543357
221.361865214 168.061261866 0.463627301091
214.671434153 78.631780501 6.28183181144
443.549293175 299.224632947 4.87421859796
