0 30 80 0.7853981633974483 500 500
336.716201812 388.411661699 4.77199168049
259.831496808 215.356718064 1.09344847503
225.884642262 267.626926942 2.40365431479
350.378474378 285.954831106 0.890050392126
48.3855486852 296.498745173 4.96853910356
327.921476706 125.46648607 0.756998112012
220.55610909 157.523746129 1.61372499833
16.6079586132 57.3848172037 5.51707779831
250.263044338 394.743114474 0.115039523263
267.035208432 149.110642079 5.10481453132
356.249575573 207.584613113 3.00242990274
307.233063489 313.301564659 2.32639721483
76.4842276281 184.121099391 1.73495254457
367.139917735 445.574310787 3.93312300425
422.166627606 115.129638818 1.99552786745
165.637405081 407.115789223 4.19026192059
204.428665021 30.3509520856 6.08235701004
146.484173091 5.51440625943 4.50524398885
153.400031028 291.083438186 4.70865285537
142.722386365 419.674150979 1.44290300713
67.8804660256 171.521720421 0.168605000564
145.575767703 344.905780094 0.46101123745
366.621869969 315.220829906 4.95961189185
276.319398676 296.792674899 2.52150259976
328.726138806 353.860438519 6.02584876443
183.137534468 124.186467295 3.56038888668
338.302774281 161.771661334 2.33288782988
116.506249944 294.578077305 2.1238513616
68.2413664864 187.339942716 1.76095993172
363.309405392 65.8837099975 1.78647394034
