0 90 80 0.7853981633974483 500 500
328.834465624 28.7549755557 0.736475230996
257.930253868 320.839135071 0.63318642341
235.724732363 290.816921977 1.17177994837
217.030506786 158.016797457 0.107814195965
230.241273646 287.393685323 2.65605052446
300.045174297 174.718407546 0.37335542572
215.176511506 81.741004324 1.43392562448
299.031032763 470.821903717 2.17465774299
255.284692283 186.368544166 4.20230772941
333.113777844 220.883254799 3.50342267969
234.69844003 142.62749047 3.50182604859
310.179024933 403.654157231 5.98049004112
17.042503495 172.408430597 3.16417606541
415.730686727 40.867147305 1.07342708128
208.461823138 347.206201558 1.27361386227
395.219639465 339.307505413 3.06903817753
252.621801161 192.689871747 1.34973017896
161.656553283 408.590677273 1.61305732517
357.642611131 154.064965824 1.20323044332
313.65492548 93.6176021051 1.69563273059
340.247136765 106.573202554 2.59641895687
374.759725764 262.303420891 4.4363154479
254.36206354 278.079245227 3.71213006523
222.054309466 260.342596606 6.09397265842
202.296323188 405.459458517 5.40884077989
275.977502988 97.8207398066 3.52970681711
364.415270177 19.3820591556 1.90061289054
196.830093359 191.660990081 4.98598764424
200.930775262 289.734841672 0.279419297561
283.383227706 332.788035034 1.23285155867
49.4192648392 212.81258711 2.61092333332
347.844449557 234.33816801 3.87319980858
274.621800169 181.42506057 1.39560248291
38.7580313182 236.625211452 1.66021151686
199.709374898 239.30904535 0.827908744249
429.662782277 112.627803439 1.14656506741
273.999685198 451.560017824 4.58452559444
229.099647777 245.482519106 3.59757649505
212.331791651 251.678960625 2.94892309139
299.710792424 177.458166784 0.769276232686
201.292941171 348.181713177 5.05452058554
306.01092975 282.167652328 4.83972030678
218.316634193 43.5834981213 0.0916876529241
362.396489116 147.875588528 1.3136307889
311.136049859 172.187292721 4.35996058301
60.6032670882 241.075788331 1.66974427271
88.5901356921 210.707376536 0.600385350095
187.748663401 285.984989382 0.577298496944
429.565022388 273.299698047 2.03785104693
52.8100051796 82.1405277714 1.18661172558
109.502031628 124.803059161 3.36590978275
164.167127559 168.646467277 2.65532264535
141.042572464 156.714124846 4.37293043405
86.6469725089 183.736151058 0.904962471335
315.703788083 464.880628335 2.3610766285
255.500014884 62.7135913999 4.76295298266
497.312516585 260.879001099 3.08511324823
236.286484332 46.5092533737 3.27442700079
167.765095786 172.826273866 4.34592336633
308.742224357 323.033024295 0.381177907993
374.501061511 400.72688405 5.73446113025
200.816140022 461.021772609 3.05677734888
253.290161932 138.318761726 2.35555837135
233.34131294 335.316080379 0.911049995875
258.55704922 187.421947757 1.64900274536
79.50875153 489.809017106 3.84413610111
258.433110561 359.699854067 1.97621535852
148.256503968 150.585255656 3.97204105843
488.249270229 255.67090786 2.39202077934
326.915854805 315.942910865 0.106681308473
302.501261763 275.888738374 1.24470757674
204.278175773 157.067478011 2.1021270634
337.326728805 180.32883203 0.795145260222
158.493248964 156.877708572 0.879658606342
206.501849066 193.700289905 5.02598167726
343.69002228 233.115948306 2.86311816699
252.673788933 267.217430952 5.72759447102
163.316510578 278.664493049 3.1726441169
191.291437143 238.329200446 6.23294543028
301.74091332 255.094833509 5.90546616413
368.182771713 282.000338792 5.5193108284
237.154253599 191.900004555 5.91169531899
70.4631795292 394.484103431 2.12278930084
336.93219953 223.509568473 0.777888726886
312.340189636 241.899569818 0.948737592357
361.504766667 223.142609381 4.48550536244
213.443254439 94.6790667385 4.4489236715
268.531352399 349.738684254 2.24839582378
342.9461374 254.665950731 3.38629442311
234.854032142 233.30766245 4.28371911942
